8704603568615.55
1621766926103.8818
1112740047778.7585
1112740047778.7585
1112740047778.7585
545220190789.8291
545220190789.8291
545220190789.8291
545220190789.8291
545220190789.8291
166418495824.97113
166418495824.97113
166418495824.97113
166418495824.97113
166418495824.97113
166418495824.97113
102912968723.35011
46009662819.56023
27293280444.822315
27293280444.822315
23934696869.917442
23934696869.917442
22524090093.420864
22524090093.420864
22524090093.420864
11528127491.563723
11528127491.563723
11528127491.563723
8924489913.854534
8924489913.854534
7170504696.190631
7138745224.613607
7138745224.613607
6763774798.240054
6581556771.012983
6142097597.309767
6001774967.291003
5879888963.419692
5869686026.432023
5821566517.918451
5798198531.752501
5766316216.292255
5766316216.292255
5766316216.292255
5766316216.292255
5766316216.292255
5730366186.86838
5730366186.86838
5704304353.251214
5704304353.251214
5168970040.867506
4796231853.020503
4796231853.020503
4796231853.020503
4687511533.422458
4687511533.422458
4687511533.422458
4687511533.422458
4687511533.422458
4687511533.422458
4687511533.422458
4672116428.996404
4665345317.89347
4597261978.675982
4597261978.675982
4592103962.235895
4592103962.235895
4587420982.281387
4575736794.098098
4552902198.808051
4543908695.617427
4543908695.617427
4519263291.431913
4443075838.060984
4381733590.426662
4327939613.918558
4259968084.138276
4236562339.7337103
4207276570.606363
4129239538.722714
4105473779.708913
4021938889.789512
3992830473.5497174
3977330346.36087
3977330346.36087
3977330346.36087
3977330346.36087
3971703407.3428597
3971184544.5692077
3971184544.5692077
3971184544.5692077
3970497731.532209
3970497731.532209
3967774152.108559
3967774152.108559
3967634195.1489186
3966715774.1858892
3966715774.1858892
3966611453.450269
3966611453.450269
3966110842.878001
3965865157.0441227
3965865157.0441227
3965864378.3304176
3965864378.3304176
3965746255.6604195
3965746255.6604195
3965746255.6604195
3965746255.6604195
3965746255.6604195
3965746255.6604195
3965746255.6604195
3965746255.6604195
3965746255.6604195
3965738109.235458
3965704946.8750486
3965695254.076351
3965693983.8010783
3965693983.8010783
3965693559.432465
3965693559.432465
3965693559.432465
3965693559.432465
3965693590.853686
3965692908.8231015
3965692775.3995695
3965692384.824096
3965692384.824096
3965692384.824096
3965692384.824096
3965692391.6131206
3965692391.6131206
3965692383.534926
3965692383.534926
3965692383.534926
3965692383.534926
3965692383.534926
3965692383.534926
3965692383.534926
3965692311.251176
3965692311.251176
3965692311.251176
3965692311.251176
3965692311.251176
3965692311.251176
3965692311.117508
3965692311.117508
3965692311.117508
3965692311.117508
3965692285.943049
3965692285.943049
3965692284.6547427
3965692284.6547427
3965692284.6547427
3965692284.6547427
3965692280.2245507
3965692281.8869715
3965692281.8869715
3965692281.136897
3965692281.136897
3965692281.350136
3965692281.5790114
3965692374.3459044
3965692331.8397093
3965692318.248868
3965692323.259498
3965692285.3600407
3965692294.8555446
3965692279.2868843
3965692281.1552014
3965692302.4111915
3965692339.0867987
3965692333.8735547
3965692331.988381
3965692301.723845
3965692286.602091
3965692286.602091
3965692289.8902473
3965692300.1448174
3965692300.1448174
3965692287.0364876
3965692287.0364876
3965692287.0364876
3965692292.8584104
3965692281.2717075
3965692279.2651763
3965692282.1217027
3965692282.1217027
3965692279.863121
3965692279.753025
3965692279.753025
3965692279.971356
3965692279.971356
3965692279.553565
3965692281.8454924
3965692280.172377
3965692280.172377
3965692279.9878726
3965692279.169257
3965692279.169257
3965692279.169257
3965692279.300815
3965692279.300815
3965692279.300815
3965692279.300815
3965692279.300815
3965692279.300815
3965692279.300815
3965692279.300815
3965692279.300815
3965692279.300815
3965692279.300815
3965692279.300815
3965692279.300815
3965692279.120344
3965692279.120344
3965692279.5048504
3965692279.5048504
3965692279.5048504
3965692279.5048504
3965692279.5048504
3965692279.5048504
3965692279.5048504
3965692279.5048504
3965692279.5048504
3965692279.5048504
3965692279.5048504
3965692279.5048504
3965692279.5048504
3965692279.5048504
3965692279.5048504
3965692279.5048504
3965692279.5048504
3965692279.5048504
3965692279.5048504
3965692279.5048504
3965692279.5048504
3965692279.5048504
3965692279.5048504
3965692279.5048504
3965692279.5048504
3965692279.5048504
3965692279.5048504
3965692279.5048504
3965692279.496843
3965692279.496843
3965692279.496843
3965692279.496843
3965692279.496843
3965692279.496843
END
