266.20113490880254
261.6266345550974
261.6266345550974
255.19151562153192
255.19151562153192
253.83164129337845
257.2673486603301
263.806062243552
263.806062243552
263.806062243552
263.806062243552
263.806062243552
263.806062243552
263.6665873167417
261.9921742983092
261.9921742983092
264.89052872298475
264.89052872298475
264.89052872298475
262.57970528573765
262.57970528573765
262.57970528573765
262.57970528573765
261.6378185599932
261.6378185599932
261.6378185599932
264.4892357539026
264.1912602102049
263.2113922444079
263.2113922444079
263.2113922444079
263.2113922444079
263.681230372114
264.2656081773104
264.2656081773104
263.8309134340318
263.8309134340318
263.99423865972375
263.99423865972375
264.19064552751223
264.7105227158407
264.7105227158407
264.7105227158407
263.61791427565095
264.6718761177851
264.6718761177851
263.7748118528504
263.281831440391
265.11484970003374
265.11484970003374
264.5202617033757
264.5039201316322
264.5039201316322
264.6476571736883
264.2133393587442
264.2133393587442
264.2133393587442
264.2133393587442
264.47319978111454
265.86844418107495
266.4818776842546
266.46503787323127
265.6544321635973
265.6544321635973
265.9543769775915
265.9543769775915
265.9543769775915
265.9543769775915
265.57357379991805
265.57357379991805
265.57357379991805
265.57357379991805
265.6894129399246
265.8087934821341
265.8154341405238
265.77353990814856
265.79102495176755
265.80138971046483
265.1558481581894
265.1558481581894
265.6240146298264
265.6240146298264
265.90916131196354
265.6772358837904
265.66270042053554
265.78965529415336
END
