11873680599882.146
2435125607377.623
2435125607377.623
1507189263155.019
1507189263155.019
1507189263155.019
1420414741045.4158
1420414741045.4158
659782514196.0955
659782514196.0955
659782514196.0955
659782514196.0955
659782514196.0955
659782514196.0955
659782514196.0955
570951390007.9321
526910819428.8545
526910819428.8545
526910819428.8545
526910819428.8545
390454093906.073
390454093906.073
390454093906.073
390454093906.073
390454093906.073
238500870770.8049
238500870770.8049
238500870770.8049
238500870770.8049
217602864006.86798
217602864006.86798
217602864006.86798
83003342072.35268
80549629155.97331
80549629155.97331
79359134867.46854
76182939628.29703
16675944918.095398
12107682548.142433
12107682548.142433
6274416059.23998
6274416059.23998
6176843659.679577
6176843659.679577
6125778828.914315
6125778828.914315
5207291839.0067425
5207291839.0067425
4774093786.396734
4616213841.616401
4482809324.558426
4482809324.558426
4482809324.558426
4478737572.978356
4478737572.978356
4476874705.637094
4476874705.637094
4473022764.317608
4466064052.147601
4452439370.202877
4452439370.202877
4450522006.413023
4445323887.858072
4438357669.720356
4438357669.720356
4431251395.308494
4428148606.67382
4427177906.958542
4425298899.370842
4424659681.373221
4422840250.069261
4421487723.509715
4420403327.506782
4414835509.020779
4412611803.21446
4412358071.5945015
4408798787.89057
4408090401.514341
4406861793.443568
4405552430.910848
4403433179.349133
4400167898.924145
4394822606.716221
4390282620.474459
4387820286.512271
4384155779.510677
4380682856.174964
4376737206.610623
4374828724.525961
4371739677.675715
4370576863.607012
112647103.04847792
0.0
END
