327.0030566190756
319.62179748642814
306.768766015429
313.4256662722679
312.79346716398214
308.0285399211301
319.2709409196935
315.79465986483774
310.710843731969
311.50137770110905
316.81841077833195
318.56448638032447
318.0254432367748
313.09276447815125
319.3889936037056
317.5700505644585
317.67923380421433
316.1732115346923
320.12790637629814
317.125707038909
314.71483378521503
318.61789300766105
318.6760230059702
318.2138506164149
319.3504184428642
319.17078218405425
317.63907539409877
322.01214725987705
320.8912132037193
318.51919989108603
320.7565295101229
321.25509966163196
319.605188519314
318.0701120808195
320.6356393887893
322.35572130612223
321.33288099252405
319.4438166776767
320.8330823943581
319.83762442550335
320.1204950869716
320.3530502930212
318.22665995262935
318.7975686141375
319.11016914811324
318.50472296723126
317.67169746372406
320.3042784970402
319.4899808507841
319.1717542505206
319.1605411565226
320.52068840225667
320.42721096219526
321.59517170966683
320.4625224085996
320.67010472290514
320.84127549016637
321.3216576649271
320.96880627135835
320.91615536607355
321.1218688352418
320.61586846376787
319.9726655102566
320.6309009249799
320.6514054054428
320.4060409476618
320.9039172031446
320.17087548918346
320.35417494255734
320.3266963404637
320.5104425400311
320.24106627216065
320.50927184254084
320.68909020510995
320.4670696504709
320.14583797109907
320.0664852410544
320.035981312863
320.22884465939967
320.27250173015676
320.2853055261372
320.32234045788033
320.29021340043147
320.0435845067794
320.2445863539268
320.31024642833114
320.4342289365745
320.46063375871717
320.4744590191552
320.5121419358305
320.5201840748787
320.59086063026695
320.51301843404485
320.5089391773544
320.508342343972
320.51886495576707
320.52037810172527
320.51940820244636
320.52063806672095
320.52063487123263
320.52000220134556
320.52150485638344
320.5217931264319
320.52135627621044
320.5200936980472
320.52093967293956
320.54177654200436
320.5448245736416
320.5435365167451
320.61552923584094
320.58541928741795
320.61366640511676
320.62456952699074
320.59206278763435
320.6233969105783
320.58647487197715
320.6352677846248
320.63954265299793
320.68997075612884
320.6851530317256
320.7102366233123
320.7352361246776
320.76558839817795
320.78460992615175
320.80498604791933
320.8497961109824
320.9095867448935
320.9845141683198
321.03781852625593
321.10643582851037
321.2973632470196
321.456838930622
321.5811913258031
321.69204215925976
321.71859729776696
321.7384725100387
321.74368948653546
321.73977836798394
321.7476348270382
321.75801106963195
321.77360922222186
321.7924868807406
321.7879985919653
321.792517252982
321.8031019148388
321.84693059778044
321.88630787621065
321.91060513631913
321.9572885744672
321.9877388443465
322.08475918302065
322.09867366091646
322.16028053719725
322.216262268176
322.3350130020957
322.3987925965947
322.4978185878344
322.5616088196849
322.6803715579123
322.7243023237843
322.7577321011719
322.7690154970026
