10022789375800.143
4017366759853.917
5307876112960.158
3335533626411.4116
5168826916643.192
3544942358924.66
2508762613556.795
1575261911725.6875
2112041184915.568
1575459492949.1172
2256343692952.8916
1969018043210.8542
1522816100323.4922
1142964930924.5122
1685385489221.8486
1257150020191.7883
2033302287791.6465
1282089163981.2915
618879575697.9458
801234678585.0724
520340539647.8066
520024361532.1581
446124866593.19745
507404801593.37415
325152888479.21265
401606465958.0917
217738789130.16937
193762922206.9769
227373575237.88715
182637183743.85284
160242173981.50165
162002010165.82727
100712573903.6022
94460828389.32773
107321200822.95581
86056915957.73068
68571576510.77446
56740463714.853775
52622962675.782814
42815112509.5624
44835637498.690506
38077558745.41237
41380503872.28353
36682682613.287224
34749564075.383
20710379365.809944
15242579159.49199
16041061251.211792
13831057680.624908
12578270191.329084
12481491577.527983
11457951313.770649
12244979789.387363
9489394653.463404
9546168498.643175
8427211593.925085
7821726415.474509
7862746427.386787
7780615592.301313
7863638491.682508
7683830340.959474
7175233946.03
7060985390.835225
6940472227.386492
6824417851.893354
6798271025.530913
6751752605.181104
6726459022.535393
6712233331.506651
6698550735.662102
6677236668.898477
6616326039.878578
6581959909.024663
6541740610.918535
6497146039.423802
6443099398.976318
6450953573.502903
6410158159.480558
6382603268.307592
6338566907.120035
6288229510.018377
6243510556.131482
6220363367.458488
6212510741.557179
6197588111.47386
6195702068.057373
6186894976.669162
6186425992.352875
6181813619.018572
6182287910.097363
6179687265.461919
6177553130.821706
6175866461.663264
6172892081.911041
6171330722.799017
6168393900.007106
6166827222.036264
6165234571.693188
6163637651.423117
6162301357.602463
6159432047.990161
6158202748.491464
6156270978.657136
6153044179.133659
6150749295.194913
6148316718.460929
6144188006.098029
6138716615.534126
6133952219.7631
6129329233.995178
6124963380.62698
6122152777.448607
6119332007.89939
6116001072.140594
6111011331.170499
6108262650.080438
6104264311.022457
6098619452.572567
6093412691.0689945
6089689084.820066
6085630495.712981
6081043040.727234
6077460073.907075
6073923868.302279
6067644638.768235
6062400812.496741
6059351611.059811
6053188158.463425
6047593809.201929
6041004754.861847
6034800605.588582
6025259909.572233
6020496029.753348
6014265542.202807
6008740305.331775
6004302040.950651
6000534493.596218
5995957791.131927
5985573937.579198
5969727042.0065775
5958685874.018583
5958425876.195883
5949702639.690172
5943873331.730096
5938170389.592196
5930717549.142233
5924759817.717538
5917917637.538458
5916336901.577615
5903857204.023156
5888411483.470084
5874445462.917406
5862595056.805333
5852707984.532632
5841433864.193614
5834418356.2749195
5824854224.572658
5800902921.012082
5794184213.144243
5782751091.082877
5766865130.607041
5761168259.7243185
5755780050.814403
