271.9418777235624
267.51175998742286
267.51175998742286
260.62874713113956
260.62874713113956
260.62874713113956
262.42676751121064
262.42676751121064
266.971738700014
266.971738700014
266.971738700014
266.971738700014
266.971738700014
266.971738700014
266.971738700014
269.1881236736121
267.79168297299526
267.79168297299526
267.79168297299526
267.79168297299526
268.26363882947487
268.26363882947487
268.26363882947487
268.26363882947487
268.26363882947487
267.78186734977913
267.78186734977913
267.78186734977913
267.78186734977913
267.27791022111194
267.27791022111194
267.27791022111194
267.71899877857066
268.88781026759057
268.88781026759057
269.5050569560424
268.8711574762641
272.0389047280741
269.4333547004628
269.4333547004628
269.2792701022734
269.2792701022734
268.9262654233678
268.9262654233678
268.8507031671591
268.8507031671591
269.35155691508123
269.35155691508123
268.9846996732916
268.6878605715013
268.87985529009336
268.87985529009336
268.87985529009336
269.2677863192597
269.2677863192597
269.4305829364946
269.4305829364946
269.36040677499017
269.3161801730704
269.7274210980493
269.7274210980493
269.9841749414112
269.8231768283722
269.72190864082114
269.72190864082114
269.6190856268365
269.7900261694279
269.9789356117521
269.8539446576172
269.8594780278241
269.8996919499534
269.64017259094953
269.8222522328719
270.24756320143473
270.02246012853357
269.999481860319
269.89706361529096
269.4737312817367
269.40581585804495
269.29804893892435
269.2911717208207
269.3030598944362
268.83308374284366
268.8157713179277
269.0129018538232
268.57781025680544
269.0540756172898
268.9831794924517
268.8241333485347
268.66046821870594
268.5867521966572
269.9037256809856
270.62365719276585
END
