286.9864959184554
277.6729389556618
286.01143701862077
280.33968021868037
280.33968021868037
286.7129510665342
286.7129510665342
280.1435645892849
279.5633202541566
279.5633202541566
279.5633202541566
279.5633202541566
283.5717466829892
282.4729584964238
282.4729584964238
282.4729584964238
282.4729584964238
282.4729584964238
280.82586781619824
280.82586781619824
280.82586781619824
283.5743678299919
284.83489516295623
284.83489516295623
284.83489516295623
284.83489516295623
284.83489516295623
287.05568324739943
287.05568324739943
287.05568324739943
284.493881510638
284.493881510638
285.7795690971152
285.4999688185634
285.4999688185634
285.4999688185634
285.4999688185634
284.9036451336644
284.457454327994
284.81635486298535
283.27843949124775
283.40081558975515
283.04191518892816
284.0716522276819
284.16097208921803
284.829830769905
284.9400548001175
284.9400548001175
285.82079961756506
285.82079961756506
285.4611765246697
285.5709393676347
285.5709393676347
285.5709393676347
285.73987726690274
286.22001908923875
286.2467554682227
286.3018630381332
286.3018630381332
286.3135926980256
286.37002612745795
286.3966087570033
286.3251436934062
286.0600742987812
286.03039280021216
285.9488591605049
286.392501222502
286.2175052643693
286.2175052643693
286.2175052643693
286.47534091393015
286.7439457246087
286.7146319335033
END
