8739320857073.372
1752868129429.863
1202304320770.15
1202304320770.15
1202304320770.15
598501588812.2537
598501588812.2537
598501588812.2537
598501588812.2537
598501588812.2537
184925797097.32208
184925797097.32208
184925797097.32208
184925797097.32208
184925797097.32208
184925797097.32208
114111047076.39905
49408556145.10264
30052588629.2405
30052588629.2405
29292243071.8006
29292243071.8006
28638423091.375923
28638423091.375923
28638423091.375923
17803682144.037186
17803682144.037186
13266552231.75333
13135358849.21566
13135358849.21566
11162511431.939886
9725524858.506536
9678488776.166883
9390704134.00019
6461883701.67526
5789464310.993517
5789464310.993517
5618001403.7630825
5618001403.7630825
5560580100.0542555
5483826992.565376
5421460777.137828
5351494290.846077
5351494290.846077
5345053279.968848
5331199589.686934
5214415386.595186
5214415386.595186
5135837698.217264
5089767309.68102
5016501783.424205
5016501783.424205
5016501783.424205
5010995987.849645
4761491005.314901
4660447110.696848
4397626358.539753
4256569908.805862
4187342716.014309
4187342716.014309
4158583228.1825447
4001158533.7635713
4001158533.7635713
4001158533.7635713
4001158533.7635713
3984118258.408149
3984118258.408149
3984118258.408149
3984118258.408149
3984118258.408149
3975577373.149523
3975577373.149523
3975577373.149523
3970827127.6384726
3968846925.180947
3966629206.9839935
3966241030.071093
3966241030.071093
3966241030.071093
3966241030.071093
3966241030.071093
3966241030.071093
3965951212.9070826
3965831570.594561
3965814262.2366695
3965812471.087484
3965757595.2548375
3965732774.8138585
3965717430.075587
3965717430.075587
3965717430.075587
3965706880.200846
3965706880.200846
3965706880.200846
3965706880.200846
3965706880.200846
3965696523.074808
3965694933.2965226
3965694933.2965226
3965694453.931069
3965693003.775644
3965693003.775644
3965693003.775644
3965693003.775644
3965693003.775644
3965693003.775644
3965693003.775644
3965693003.775644
3965693003.775644
3965693003.775644
3965692915.7777944
3965692915.7777944
3965692915.7777944
3965692915.7777944
3965692915.7777944
3965692807.859856
3965692807.859856
3965692807.859856
3965692785.3033676
3965692785.635254
3965692769.2472715
3965692769.2472715
3965692769.2472715
3965692774.960029
3965692774.960029
3965692770.260251
3965692770.260251
3965692770.3876905
3965692816.354757
3965692681.9128566
3965692636.8146644
3965692628.4569592
3965692628.4569592
3965692628.4569592
3965692628.4569592
3965692628.4569592
3965692595.181327
3965692595.181327
3965692602.580107
3965692602.580107
3965692602.580107
3965692602.580107
3965692602.580107
3965692602.580107
3965692372.865796
3965692372.865796
3965692372.865796
3965692372.865796
3965692372.865796
3965692372.865796
3965692372.865796
3965692361.702484
3965692361.702484
3965692329.9526176
3965692329.9526176
3965692329.9526176
3965692300.8437147
3965692300.8437147
3965692300.8437147
3965692300.8437147
3965692300.8437147
3965692300.8437147
3965692300.8437147
3965692300.8437147
3965692300.8437147
3965692294.691671
3965692302.1614633
3965692302.1614633
3965692302.1614633
3965692302.1614633
3965692302.1614633
3965692302.1614633
3965692296.597183
3965692296.597183
3965692296.597183
3965692299.089483
3965692299.089483
3965692299.089483
3965692299.089483
3965692299.089483
3965692299.089483
3965692299.089483
3965692299.089483
3965692329.9734964
3965692329.9734964
3965692370.5576415
3965692370.0007606
3965692370.0007606
3965692370.0007606
3965692370.0007606
3965692387.3158193
3965692322.4214177
3965692322.4214177
3965692294.8314047
3965692294.8314047
3965692294.8314047
3965692294.8314047
3965692294.8314047
3965692294.8314047
3965692292.362341
3965692333.4989004
3965692305.7403274
3965692386.279631
3965692330.7275314
3965692286.519162
3965692286.519162
3965692295.039729
3965692295.039729
3965692286.2634106
3965692286.2634106
3965692286.2634106
3965692286.2634106
3965692286.2634106
3965692286.2634106
3965692286.2634106
3965692284.878592
3965692284.878592
3965692285.6194324
3965692285.996348
3965692285.996348
3965692285.996348
3965692285.996348
3965692285.6519947
3965692285.6519947
3965692285.6519947
3965692285.6519947
3965692285.6519947
3965692286.3770027
3965692286.3770027
3965692286.3770027
3965692286.3770027
3965692286.3770027
3965692286.3770027
3965692284.5385118
3965692284.5385118
3965692284.5385118
3965692284.5385118
3965692283.5202575
3965692283.5202575
3965692283.5202575
3965692283.5202575
3965692283.5202575
3965692283.5202575
3965692283.5202575
3965692283.5202575
3965692283.5202575
3965692283.5202575
3965692283.5202575
3965692283.5202575
3965692283.5202575
END
