15432451857104.61
4362893799335.044
3012100505394.4805
2143853856566.747
2143853856566.747
1335147618966.2915
1335147618966.2915
1270590173892.1357
1136339761461.1257
1136339761461.1257
1136339761461.1257
1136339761461.1257
784691264498.8286
631959620697.9174
631959620697.9174
631959620697.9174
631959620697.9174
631959620697.9174
552657019134.5142
552657019134.5142
552657019134.5142
408372189323.0412
260557856713.5571
260557856713.5571
260557856713.5571
260557856713.5571
254574190711.18683
125122062261.72122
125122062261.72122
125122062261.72122
125122062261.72122
125122062261.72122
125122062261.72122
125122062261.72122
125122062261.72122
125122062261.72122
125122062261.72122
108109489607.29675
85056941608.10681
70496208858.45738
70496208858.45738
70496208858.45738
70496208858.45738
68181254250.93957
47241749808.69885
43208731131.722015
39391948584.43811
33909745157.51734
22451654851.280052
17283756478.262684
17283756478.262684
15647064243.80372
12452675237.647022
11671952558.601242
10657479566.35401
8600079272.431871
7139741343.23601
7139741343.23601
7064853831.303631
6909357732.97282
6845601826.398276
6829331338.058412
6814850262.114278
6810190553.534959
6810190553.534959
6809743445.925053
6808733580.577212
6807368121.577809
6805862223.430392
6805862223.430392
6805862223.430392
6805436003.960516
6802944165.379152
6800931646.536725
6799864044.760282
6796344875.409078
6792205917.997483
6789608867.401232
6787507023.689471
6784202492.590116
6777896540.047047
6777628928.220791
6776014022.071888
6775805438.65785
6775591823.059262
6774868422.814841
6774531784.4010515
6774476729.719608
6774453484.66516
6774453484.66516
6774453484.66516
6774453484.66516
6774453484.66516
6774453114.3249235
6774451107.189858
6774450109.526207
6774448661.043449
6774448617.637849
6774448276.295999
6774448144.60617
6774448144.60617
6774448144.60617
6774448144.60617
6774448144.60617
6774448144.60617
6774448144.60617
6774448144.60617
6774448144.60617
6774447936.994818
6774447859.738762
6774447859.738762
6774447859.738762
6774447981.036946
6774447981.036946
6774447981.036946
6774447798.015918
6774447798.015918
6774447798.015918
6774447798.015918
6774447886.344814
6774447886.344814
6774447864.507661
6774447864.507661
6774447864.507661
6774447864.507661
6774447864.507661
6774447864.507661
6774447820.576854
6774447820.576854
6774447820.576854
6774447800.113756
6774447800.113756
6774447800.113756
6774447800.113756
6774447800.113756
6774447800.113756
6774447820.732919
6774447827.069466
6774447784.628565
6774447784.628565
6774447784.628565
6774447782.836661
6774447782.836661
6774447793.063757
6774447784.778798
6774447783.555557
6774447800.827947
6774448007.645161
6774447772.952688
6774447884.364937
6774448729.864316
6774447914.679875
6774448106.622314
6774447862.926638
6774447862.926638
6774447862.926638
6774447862.926638
6774447868.545754
6774447804.418775
6774447850.307681
6774447790.561066
6774447829.096373
6774447811.785379
6774447817.123338
6774447802.391883
6774447803.83308
6774447777.458008
6774447777.458008
6774447797.932031
6774447831.675545
6774447877.665239
6774447823.874478
6774447931.340675
6774447915.083053
6774447808.7574625
6774447813.384657
6774447799.397774
6774447808.670328
6774447808.670328
6774447807.307999
6774447808.242278
6774447800.003123
6774447795.020411
6774447796.280894
6774447798.260258
6774447797.936418
6774447810.85487
6774447826.619611
6774447806.620441
6774447798.2257
6774447804.301923
6774447796.074037
6774447796.34398
6774447802.457144
6774447801.989634
6774447799.572791
6774447798.9462185
6774447809.917309
6774447816.334617
6774447824.7904
6774447822.109531
6774447824.319542
6774447824.319542
6774447825.177493
6774447825.177493
6774447825.177493
6774447806.111747
6774447801.460801
6774447792.808428
6774447792.808428
6774447792.500326
6774447792.500326
6774447792.500326
6774447792.500326
6774447792.500326
6774447792.500326
6774447792.412903
6774447793.718109
6774447793.718109
6774447793.718109
6774447793.718109
6774447793.718109
6774447793.718109
6774447793.718109
6774447793.718109
6774447793.718109
6774447793.718109
6774447793.718109
6774447793.718109
6774447793.718109
6774447793.718109
6774447793.718109
6774447793.718109
6774447793.718109
6774447793.718109
6774447793.718109
6774447793.718109
6774447793.718109
6774447793.718109
6774447793.718109
6774447793.718109
6774447793.548424
6774447793.548424
6774447793.244007
6774447793.244007
6774447793.244007
6774447793.244007
6774447793.244007
6774447793.244007
6774447793.244007
END
