247.5269837100423
241.92828340688422
247.05592526143195
247.05592526143195
247.05592526143195
248.2545678875608
248.2545678875608
248.2545678875608
248.2545678875608
248.2545678875608
250.21673386447713
250.21673386447713
250.21673386447713
250.21673386447713
250.21673386447713
250.21673386447713
249.9768047776431
246.99723527009314
248.61985766410564
248.61985766410564
247.83173982528973
247.83173982528973
247.81013488270057
247.81013488270057
247.81013488270057
248.23618615375494
248.23618615375494
248.23618615375494
248.5585654493531
248.5585654493531
248.6001745785576
248.79647752164794
248.79647752164794
248.83638634034338
247.08965258228494
248.48928427904323
248.8554129601173
247.8378053933552
248.43071602089435
247.8611297152942
247.60066589345425
248.692987066913
248.692987066913
248.692987066913
248.692987066913
248.692987066913
248.80816753524334
248.80816753524334
248.50612352173536
248.50612352173536
247.51640052213517
248.34530621455824
248.34530621455824
248.34530621455824
248.17952808422245
248.17952808422245
248.17952808422245
248.17952808422245
248.17952808422245
248.17952808422245
248.17952808422245
248.10057111539766
248.03864661686245
247.27258621246628
247.27258621246628
247.04470963388385
247.04470963388385
247.00210374642276
246.36994191429312
246.5404644409595
246.61106190625586
246.61106190625586
247.28847371349
247.3672195819375
247.44068020617482
247.4940269498311
247.2848060856602
247.2439445352391
247.2041894886866
247.42239766002893
247.64719977668037
247.84421337411655
247.97832238390131
247.54091133744893
247.54091133744893
247.54091133744893
247.54091133744893
247.6797673127092
247.61574490743357
247.61574490743357
247.61574490743357
247.63216485042045
247.63216485042045
247.69087489377944
247.69087489377944
247.712812784887
247.72769510946267
247.72769510946267
247.72260933691211
247.72260933691211
247.72148343091942
247.72265643782245
247.72265643782245
247.7185906443214
247.7185906443214
247.71079293157464
247.71079293157464
247.71079293157464
247.71079293157464
247.71079293157464
247.71079293157464
247.71079293157464
247.71079293157464
247.71079293157464
247.70706073101738
247.70710230131237
247.70578468367404
247.69241994683753
247.69241994683753
247.69831389124064
247.69831389124064
247.69831389124064
247.69831389124064
247.70249716436584
247.70419397215966
247.70888117586068
247.69623992563328
247.69623992563328
247.69623992563328
247.69623992563328
247.69767146331168
247.69767146331168
247.70622627542818
247.70622627542818
247.70622627542818
247.70622627542818
247.70622627542818
247.70622627542818
247.70622627542818
247.7045415958353
247.7045415958353
247.7045415958353
247.7045415958353
247.7045415958353
247.7045415958353
247.7057318116887
247.7057318116887
247.7057318116887
247.7057318116887
247.70551580522272
247.70551580522272
247.70597376291133
247.70597376291133
247.70597376291133
247.70597376291133
247.7058327718436
247.7060655015215
247.7060655015215
247.70622896830665
247.70622896830665
247.70825065923077
247.70925431814098
247.72135970713393
247.72432200756205
247.73019165860197
247.73522796337417
247.74483141632024
247.75548574965305
247.7658192801547
247.7714231335292
247.7773671186776
247.79302176897687
247.8100138950443
247.83034423356355
247.84822696319125
247.8613832379619
247.8613832379619
247.8638580961353
247.8653075285688
247.8653075285688
247.86493843846188
247.86493843846188
247.86493843846188
247.86594059646072
247.8650044674695
247.8657290385623
247.86603133031127
247.86603133031127
247.86588778570965
247.86606285425012
247.86606285425012
247.86621738288108
247.86621738288108
247.8662327178168
247.86675958753443
247.8669596236243
247.8669596236243
247.86716095498443
247.86773420669883
247.86773420669883
247.86773420669883
247.8678223392801
247.8678223392801
247.8678223392801
247.8678223392801
247.8678223392801
247.8678223392801
247.8678223392801
247.8678223392801
247.8678223392801
247.8678223392801
247.8678223392801
247.8678223392801
247.8678223392801
247.86814204656537
247.86814204656537
247.86823411541303
247.86823411541303
247.86823411541303
247.86823411541303
247.86823411541303
247.86823411541303
247.86823411541303
247.86823411541303
247.86823411541303
247.86823411541303
247.86823411541303
247.86823411541303
247.86823411541303
247.86823411541303
247.86823411541303
247.86823411541303
247.86823411541303
247.86823411541303
247.86823411541303
247.86823411541303
247.86823411541303
247.86823411541303
247.86823411541303
247.86823411541303
247.86823411541303
247.86823411541303
247.86823411541303
247.86823411541303
247.86824359873174
247.86824359873174
247.86824359873174
247.86824359873174
247.86824359873174
247.86824359873174
END
