24508379078776.48
6429498489838.881
5893325125034.203
2218455809769.484
5413692915512.561
2948247346552.039
2667532566656.97
1890041807418.8696
3708930467614.038
2780570811104.6597
3734906150024.909
824094282623.0862
1620646910781.829
2548375365684.042
806668596704.7042
742595047343.7396
821483139492.9749
395049430334.8879
1134358912790.9292
879958117874.1854
631508199364.8291
380619593589.79565
703570486236.6074
445022328028.70276
307528209295.5366
379918669805.0112
292762442968.6836
390147070632.8044
355803752121.0676
333325440624.40155
186945111945.164
77206997790.81496
150129865186.0434
110966712315.57825
89100803141.98508
91815642644.0669
89791764331.82559
75994018327.35939
68241925444.95226
61960695280.42906
49623226172.14864
52113484754.68473
48413206199.245285
48994500674.3574
47485086347.761055
40031200970.70885
36929072672.928604
28174815536.90217
15536105815.63113
14030924534.591976
12017101305.349396
11683676919.11895
9780438343.43684
11398088230.880896
4896158017.814365
4887432590.565553
4763764477.2879095
4655012876.473352
4995136675.796753
4421325072.70189
4295203130.444465
4126590967.416853
4121150589.387529
3995838788.2124033
4007510144.744599
3979006543.0632343
3997013828.3964243
3977915814.089969
3996934966.3963647
3976245931.7376156
3975611941.7676544
3970384955.3926277
3968375608.7565966
3969472967.2512307
3967820341.2362285
3968049826.82694
3967554016.882797
3967395717.3543715
3967554127.925177
3965934375.937421
3965854090.8710313
3965829607.3089676
3965772864.713917
3965893579.7528048
3965773387.407341
3965788084.0319505
3965741865.358455
3965717118.0602875
3965707966.8418474
3965700953.0355544
3965695048.7936287
3965711816.9104533
3965694320.040386
3965697225.9657726
3965697270.934106
3965694223.0346217
3965693277.0396166
3965692948.530828
3965692820.398656
3965692765.363031
3965692740.1028996
3965692728.037278
3965692722.1455345
3965692719.2349634
3965692685.610261
3965692611.540846
3965692788.98216
3965692493.477435
3965692883.1656966
3965693041.142939
3965692866.244181
3965693151.578586
3965693034.084108
3965692543.168622
3965693016.2231855
3965692721.497024
3965692387.7541976
3965692517.4954824
3965692788.7568636
3965692755.055661
3965692564.1774435
3965692577.5989428
3965692571.8900623
3965692564.569448
3965692643.55574
3965692710.7295427
3965692734.3749776
3965692662.6916056
3965692774.9786887
3965692629.530656
3965692977.9594393
3965692780.0374436
3965692813.7533703
3965692898.821233
3965692869.819329
3965692923.425531
3965692911.634296
3965692876.110323
3965692905.122878
3965692841.2085876
3965692869.602054
3965692869.268449
3965692875.3615413
3965692848.9557557
3965692825.448993
3965693007.5729156
3965692997.530979
3965692846.851647
3965692910.857326
3965692853.5049334
3965693484.409567
3965692876.4895444
3965692871.2885866
3965692881.739196
3965692886.569344
3965693261.006787
3965693312.162487
3965693169.32663
3965693557.2740827
3965693291.8498464
3965693192.155738
3965692931.903824
