15660533989499.7
4719569759395.521
3168534235963.9233
2444839755830.6797
2444839755830.6797
1518074191216.2517
1518074191216.2517
1498111401563.3
1393735297376.2773
1393735297376.2773
1393735297376.2773
1393735297376.2773
980545071724.0204
832183654337.7993
832183654337.7993
832183654337.7993
832183654337.7993
832183654337.7993
701222867847.6897
701222867847.6897
701222867847.6897
549831218535.0117
372894206607.65393
372894206607.65393
372894206607.65393
372894206607.65393
372894206607.65393
343898638635.72424
343898638635.72424
343898638635.72424
258576010106.7237
258576010106.7237
235781851903.93454
199889234954.14093
199889234954.14093
199889234954.14093
199889234954.14093
185041032442.6788
174458849590.84177
141784096154.96167
98608927292.13452
74895919161.95273
72619851122.49593
68739167236.7323
53281365718.78511
37554412586.774506
37360081703.17584
37360081703.17584
30424454935.21936
30424454935.21936
28298976708.10592
26616652062.590458
26616652062.590458
26616652062.590458
19227284013.819717
18020015411.64769
10398310287.321384
8400682320.950339
8400682320.950339
7835630297.169129
4519638448.852812
3381640805.620507
2811930549.259275
1602292031.8108819
1410958365.9742386
1350402146.8121462
257967254.53487414
63778597.749827
63778597.749827
63778597.749827
18648184.859103203
10975606.47109874
0.0
END
