296.86072924060306
294.17560952470467
294.17560952470467
292.07205334927903
292.07205334927903
292.07205334927903
293.7832096327034
289.5627619071734
289.5627619071734
291.37074041563767
291.37074041563767
291.37074041563767
291.37074041563767
292.85666865914527
297.2303264158483
295.6514620849973
295.6514620849973
295.6514620849973
295.6514620849973
295.6514620849973
295.6514620849973
294.8884806890022
294.1450548476902
294.1450548476902
294.1450548476902
294.1450548476902
294.1450548476902
294.1450548476902
292.95173781545293
294.4249724213455
294.4249724213455
295.2438453673592
295.2438453673592
295.2438453673592
295.86113488642053
295.4650375404499
295.4650375404499
295.95624232208905
295.5732545395151
295.99289269328347
295.6983906401721
296.3579411481869
296.8262291387644
297.55183819119105
297.93315387169326
298.1858582618237
298.5882941077902
298.1873915666825
298.2218155452183
298.2218155452183
297.7638163119086
297.7638163119086
298.3965771866696
298.28191627599887
298.28191627599887
298.1755153000545
297.5215070109554
297.5215070109554
297.402919415356
297.59950337553363
297.5765322269461
297.7494568246971
297.7494568246971
297.7494568246971
297.5952177562026
297.60385711020837
297.64958266921263
297.6091425791522
297.6091425791522
297.63053722081315
297.2193465795619
297.31209988052814
297.56892409964024
297.56892409964024
297.6649580140623
297.6220887428247
297.42180714771547
297.65225853252366
297.3984808925521
297.4059593795074
297.3810425858113
297.5173371078704
297.386072039287
297.46887171411464
297.5098661621842
297.52634642538413
297.5336849840886
297.537029101547
297.4505057678971
297.42000321985466
297.4048261680676
297.5972706679018
297.550583523986
297.550583523986
297.550583523986
297.6233539959332
297.3540731778522
297.3540731778522
297.36549533693267
297.39842129090425
297.64077598897035
297.64077598897035
297.64077598897035
297.64077598897035
297.64077598897035
297.6175039084295
297.6175039084295
297.6175039084295
297.6175039084295
297.6052599829036
297.44458401266843
297.45136095331
297.3962026022376
297.3333949621604
297.3333949621604
297.3333949621604
297.37775669185663
297.37775669185663
297.4028358738129
297.43445067449693
297.43445067449693
297.438342711589
297.4347144628503
297.4347144628503
297.4341168619203
297.3958949607818
297.45857288068333
297.35748127770603
297.3175364651056
297.3334147604012
297.33898985959263
297.3308118968574
297.3721912849268
297.3155700264737
297.28532925936133
297.2589328795474
297.20790981003535
297.2549716086692
297.26643966629706
297.2916044992851
297.2747281159416
297.27521851280954
297.29996263171086
297.3148923835202
297.34857099201855
297.3441776153163
297.3702028042393
297.3764172236728
297.40430782100333
297.3942142558353
297.41522438789553
297.4106551685229
297.41733535598445
297.4206010359627
297.4244490405532
297.41309602312793
297.4113595919458
297.43232446616236
297.4506012946762
297.4166276725855
297.46758573672844
297.46302536491595
297.37024399401804
297.361614214823
297.4952369558762
297.4931894055817
297.5864257778176
297.6054191303979
297.5190448435387
297.5190448435387
297.5341154544295
297.5341154544295
297.564238168122
297.54435837911313
297.56858837742806
297.73108589421287
297.6164565302987
297.6164565302987
297.68630743423
297.7380926937537
297.8246002077481
297.77646337813553
297.7758904312169
297.82772440727103
297.829950591556
297.8464481195965
297.8370622882323
297.9690638636509
298.07660093408924
298.2206873137093
298.29299389833596
298.117382470275
298.16379307509806
298.1671549976759
298.1685413365351
298.1685413365351
298.1647564627005
298.1647564627005
298.1288297340457
298.11807687366775
298.13487907788743
298.12784089407506
297.85208870302995
298.0633328089167
297.98518030971223
298.0258265435092
298.3097376264761
298.3097376264761
298.3920601073569
298.36562032256177
298.36562032256177
298.4054928254727
298.39832920739235
298.26967726407736
298.26967726407736
298.26967726407736
298.26967726407736
298.15831295232204
298.02817375035994
298.01574807071154
297.59755228317863
297.69704590658796
297.8362229715342
297.8362229715342
297.8362229715342
297.8362229715342
297.77050078208117
298.00951300273283
298.4340791521828
298.4340791521828
298.3386732745225
298.38915859607096
298.38915859607096
298.38915859607096
298.1757608052397
298.1757608052397
297.85522071734107
297.7480077688286
297.770479382416
297.8952948096834
297.4708243893623
297.8118226221237
298.0379688012917
298.0657385388228
297.9085958747767
297.5643615333389
297.47193757916017
296.96702935279603
297.16408728507423
297.1280904239333
END
