253.03034299413721
247.5557804125136
252.2828774710998
252.2828774710998
252.2828774710998
253.65828434250838
253.65828434250838
253.65828434250838
253.65828434250838
253.65828434250838
255.45663025776255
255.45663025776255
255.45663025776255
255.45663025776255
255.45663025776255
255.45663025776255
255.3325077854002
252.55590745608325
253.97955277982695
253.97955277982695
253.2745744652919
253.2745744652919
253.24333717436224
253.24333717436224
253.24333717436224
253.55305242658525
253.55305242658525
253.27371038322997
254.05259501130982
254.05259501130982
253.84995691906096
254.29926626461747
253.9964827729884
253.96884006784197
253.71152528937162
254.18765376875712
254.18765376875712
253.2528261490837
253.2528261490837
253.07007542659974
253.24715738043722
253.30214200560505
253.0990927862981
253.0990927862981
252.97089408725344
253.1043894123708
252.7311265031998
252.7311265031998
253.06207891374328
253.5134876182598
253.89595848845582
253.89595848845582
253.89595848845582
253.95775619021427
252.90041913897792
253.17347556050314
253.3250611530553
253.24477539041277
253.46851001050402
253.46851001050402
253.60759699406302
253.2962352011173
253.2962352011173
253.2962352011173
253.2962352011173
253.32546884012152
253.32546884012152
253.32546884012152
253.32546884012152
253.32546884012152
253.29329803904207
253.29329803904207
253.29329803904207
253.68831271598003
253.7068806017623
253.4880594417325
253.6901926977433
253.6901926977433
253.6901926977433
253.6901926977433
253.6901926977433
253.6901926977433
253.63185186787194
253.70965770113708
253.709296462242
253.70773341549756
253.73410541501855
253.7457325179753
253.69003525800542
253.69003525800542
253.69003525800542
253.6909135018093
253.6909135018093
253.6909135018093
253.6909135018093
253.6909135018093
253.7180538674143
253.69483400037964
253.69483400037964
253.69767648402993
253.69959368370462
253.69959368370462
253.69959368370462
253.69959368370462
253.69959368370462
253.69959368370462
253.69959368370462
253.69959368370462
253.69959368370462
253.69959368370462
253.70007663144148
253.70007663144148
253.70007663144148
253.70007663144148
253.70007663144148
253.69961793340505
253.69961793340505
253.69961793340505
253.69888993606753
253.69944405472683
253.69813072203019
253.69813072203019
253.69813072203019
253.6995459355111
253.6995459355111
253.69999610927445
253.69999610927445
253.70002622127342
253.70569518214262
253.703913663297
253.7070436237382
253.70791684322162
253.70791684322162
253.70791684322162
253.70791684322162
253.70791684322162
253.707913761867
253.707913761867
253.71378768291333
253.71378768291333
253.71378768291333
253.71378768291333
253.71378768291333
253.71378768291333
253.7170667168109
253.7170667168109
253.7170667168109
253.7170667168109
253.7170667168109
253.7170667168109
253.7170667168109
253.71783093178703
253.71783093178703
253.71633721212163
253.71633721212163
253.71633721212163
253.7155661987241
253.7155661987241
253.7155661987241
253.7155661987241
253.7155661987241
253.7155661987241
253.7155661987241
253.7155661987241
253.7155661987241
253.71673328277464
253.71796429402738
253.71796429402738
253.71796429402738
253.71796429402738
253.71796429402738
253.71796429402738
253.7176101615919
253.7176101615919
253.7176101615919
253.71785951574645
253.71785951574645
253.71785951574645
253.71785951574645
253.71785951574645
253.71785951574645
253.71785951574645
253.71785951574645
253.72531692979908
253.72531692979908
253.72962144705528
253.7335836782664
253.7335836782664
253.7335836782664
253.7335836782664
253.7384820009235
253.73741931415793
253.73741931415793
253.7347788857703
253.7347788857703
253.7347788857703
253.7347788857703
253.7347788857703
253.7347788857703
253.74375091428067
253.75661791984277
253.770392239652
253.78010190344833
253.7833705818524
253.7825569421827
253.7825569421827
253.78429651154755
253.78429651154755
253.78384787716232
253.78384787716232
253.78384787716232
253.78384787716232
253.78384787716232
253.78384787716232
253.78384787716232
253.7839497283417
253.7839497283417
253.78432071219416
253.78459865638177
253.78459865638177
253.78459865638177
253.78459865638177
253.78474776543567
253.78474776543567
253.78474776543567
253.78474776543567
253.78474776543567
253.78488320628279
253.78488320628279
253.78488320628279
253.78488320628279
253.78488320628279
253.78488320628279
253.7847606540975
253.7847606540975
253.7847606540975
253.7847606540975
253.78482659865585
253.78482659865585
253.78482659865585
253.78482659865585
253.78482659865585
253.78482659865585
253.78482659865585
253.78482659865585
253.78482659865585
253.78482659865585
253.78482659865585
253.78482659865585
253.78482659865585
END
