320.06892915884816
312.5169558221074
299.6119929534052
306.66955054015637
306.66955054015637
306.66955054015637
306.66955054015637
308.81150732709347
308.81150732709347
308.81150732709347
308.81150732709347
311.9166140118396
311.9166140118396
311.9166140118396
311.9166140118396
311.9166140118396
311.9166140118396
310.6808213745047
311.354580506061
311.354580506061
311.354580506061
310.9993739457307
309.35226246347423
309.35226246347423
310.92592047768983
310.92592047768983
310.9920215238487
310.9920215238487
310.9920215238487
309.6083416831764
309.6083416831764
309.96131191265687
309.96131191265687
309.96131191265687
311.4308280688813
315.09017288608976
312.9858870061693
312.9858870061693
312.9858870061693
315.68906965149796
315.68906965149796
315.68906965149796
313.3284298845928
313.3284298845928
313.3284298845928
312.6060452104506
312.44529061664014
313.21134588650517
312.5710360046346
314.2242381816932
314.700677873776
314.46149507053656
313.383110848219
313.6642632683095
312.4369751647296
313.23751515234346
312.82394581733985
313.8381047314519
313.276462914072
313.276462914072
313.13147530053976
312.4884565660466
312.4884565660466
312.4884565660466
312.7311827974327
312.72760159325526
312.7156250395526
312.50756827701264
312.45443480071833
312.86874376931996
312.8056986668328
312.9598086404587
312.94555845734743
312.98521139005993
312.85169159864535
312.89911472784263
313.0251845241999
313.07322071344936
311.13150752632424
311.1075929554451
310.6667698505278
310.5191525370209
310.92852749809254
310.849802171472
310.6113904437424
310.74718947432154
310.92875549371587
310.90900249930667
310.76330087371883
310.9168408161922
310.9345888597129
310.9913167103654
310.884745099386
310.82580775838477
310.7079674153775
310.75963748372357
310.81616925703827
310.7936821542638
310.899937850444
310.97793786246103
311.1184284244279
311.13418161155766
311.21856245173586
311.3613062583598
311.10691398298627
311.27231206178135
311.3044599143311
311.2709404110047
311.45237689631864
311.49414559560233
311.48962487163334
311.51338667807596
311.86304243498006
311.9050706287895
311.9354709290433
311.7368524093542
311.8125654818627
311.7261714899271
311.58357004815656
311.70361168509515
311.5962932197568
311.6499630371502
311.57931104235166
311.66557641273147
311.65657967569746
311.70446690825736
311.679652718716
311.6962773322172
311.71627746226073
311.70682242281543
311.7052578341011
311.71559534140505
311.70157996133173
311.71295595517785
311.71449073248584
311.7563400567145
311.77936855471944
311.79830883302645
311.83053383781987
311.8248536367274
311.83089715902463
311.9466649174356
312.0237574853309
312.0237574853309
312.0249480160073
312.03372852575603
312.0390824483866
312.0353224962696
312.1195331672887
312.17402361547056
312.1416448733026
312.1416448733026
312.2006458933158
312.2006458933158
312.21750737631464
312.21750737631464
312.21750737631464
312.21750737631464
312.21055196673944
312.21055196673944
312.21055196673944
312.22621161620776
312.2247252570164
312.22926538603485
312.20019218837126
312.0573092118119
312.16235504682925
311.9488815513075
312.06219790118087
311.9529851820182
311.89076875535926
311.760331696485
END
