24399364755593.395
6148793005307.226
5572860764165.545
1971904579580.5786
1971904579580.5786
1971904579580.5786
1971904579580.5786
1636488004776.4446
1636488004776.4446
1636488004776.4446
1636488004776.4446
656994975929.0098
656994975929.0098
656994975929.0098
656994975929.0098
656994975929.0098
656994975929.0098
569350750610.3624
480335788561.02356
480335788561.02356
480335788561.02356
471797711680.0344
432398011457.90546
432398011457.90546
409210988195.7959
409210988195.7959
346258534619.2795
346258534619.2795
346258534619.2795
326489047498.28564
326489047498.28564
307057510960.3998
307057510960.3998
307057510960.3998
301442278597.89197
261753832427.56195
155755316849.46133
155755316849.46133
155755316849.46133
85512095193.78674
85512095193.78674
85512095193.78674
83813128348.98326
83813128348.98326
83813128348.98326
70262173907.40225
69140218668.31525
67730179512.71626
54600605461.31517
40819242666.653275
40614348347.00334
37118443897.437355
29434866801.749805
26375952410.21472
23845001787.319553
23341552594.916218
21776914545.032707
20673922554.593815
19770370907.69773
19770370907.69773
18603778140.17108
18125291711.395966
18125291711.395966
18125291711.395966
18110146644.45925
17849347529.774437
17801658586.550472
17546267661.794846
17381818487.098072
17268350194.677868
17189811707.633934
17118171051.653206
17073348796.549492
17064473845.044027
17048207300.312504
17037401107.16046
17018254239.073223
17012367780.478975
16848198486.298338
16234415244.41696
16064935835.226658
16028073801.40132
15986964998.339783
15975086150.753506
15970054205.820322
15965285600.421835
15951881961.149256
15923212197.447655
15903561103.443823
15888057867.481728
15845289446.905497
15801792170.621508
15768219404.045483
15661183511.384966
15591580240.146166
15507013709.401066
15419853243.48883
15324373712.632685
15151525408.87183
14969971598.82857
14815543897.503141
14680641918.251888
14540688183.038542
14406864875.06413
14156008566.00513
13870175948.640673
13631978506.377264
13279120029.976337
12937222676.651514
12449713342.810781
12090587853.532175
11816033295.811428
11442684077.96455
10954139733.199326
10702469332.59189
10389010633.766525
10143980442.217018
10051080076.367842
9946369082.63037
9847014832.81044
9817670223.718489
9786551238.651249
9750660310.80459
9745456803.126944
9745344628.912817
9744980985.602215
9743242391.591164
9738331923.309616
9734682162.806444
9729926432.585402
9727646542.613983
9724460083.983192
9719589237.716215
9715741167.645563
9712566014.106298
9709990006.796494
9707007854.303238
9702713538.954403
9698126141.302727
9687151057.886608
9676106757.248163
9660169366.859234
9630402261.137516
9630402261.137516
9629182269.39845
9608427382.621208
9598469723.191532
9593595839.466436
9584687169.696152
9553997255.908594
9548963171.607841
9548963171.607841
9520390528.880669
9520390528.880669
9491294042.565245
9491294042.565245
9491294042.565245
9491294042.565245
9489151266.39347
9489151266.39347
9489151266.39347
9481362859.297253
9475983053.133923
9467334735.25235
9452734956.08144
9242567021.15474
7918210760.025387
6349985019.521093
2448904500.0456924
779047222.4092174
1642672.0863764905
0.0
END
