275.0993610673423
276.9731962210137
276.9731962210137
281.5114290105528
275.43199728552577
275.43199728552577
278.1408756734364
278.1408756734364
278.1408756734364
274.0575472409031
275.3941817195384
275.3941817195384
275.3941817195384
275.3941817195384
275.3941817195384
278.1703126949817
280.27484810412255
280.27484810412255
279.14036598781576
279.97308790537414
279.6094842622162
279.6364307498535
278.82721680750944
278.03510492568296
279.35583301789376
278.07457452361785
278.07457452361785
278.07457452361785
278.07457452361785
278.07457452361785
278.07457452361785
278.07457452361785
278.07457452361785
278.07457452361785
278.07457452361785
278.07457452361785
278.07457452361785
279.3851576911094
279.3851576911094
279.3851576911094
279.3851576911094
278.7712549112999
278.7712549112999
278.47397158000985
278.771934190801
278.771934190801
278.771934190801
279.80538729521936
280.4743795124642
280.89668557500977
281.29545350587387
281.134572784828
281.7278601996598
278.61959277788185
281.4141079440357
281.4141079440357
282.29230483332
281.837867898992
281.837867898992
281.56847940106826
280.79746671338967
280.62697380840694
280.3818259549358
279.38397695670005
280.1598175329996
280.9677935062614
282.099214638498
282.06608083321333
280.511400088391
281.26871163661787
281.26871163661787
281.26871163661787
281.26871163661787
282.29259718437476
