11775384500111.04
2335459557548.002
2335459557548.002
1302392692221.0654
1302392692221.0654
1252859498590.3323
766068090883.9249
753016354114.4622
753016354114.4622
753016354114.4622
753016354114.4622
753016354114.4622
753016354114.4622
717675754627.346
703184199604.0287
703184199604.0287
445169150849.9136
445169150849.9136
445169150849.9136
412066072473.8629
412066072473.8629
412066072473.8629
412066072473.8629
366220892311.0114
366220892311.0114
366220892311.0114
169305416024.23788
162945851438.03946
103134136897.35297
103134136897.35297
103134136897.35297
103134136897.35297
86399137473.72028
57149175812.19306
57149175812.19306
48326497392.7431
48326497392.7431
30926795889.263668
30926795889.263668
28172075498.71467
27129256458.19057
27129256458.19057
27129256458.19057
18385906764.545757
16540343606.541594
16540343606.541594
13579947139.348837
12242374899.993427
8709449890.041105
8709449890.041105
7090987538.419737
4541228431.504279
4541228431.504279
4511313604.62666
4465745335.493366
4465745335.493366
4465745335.493366
4465745335.493366
4389114905.489072
4061836060.069457
3838107291.3999934
3733631701.905825
3733342164.644435
3733342164.644435
3669043284.353695
3669043284.353695
3669043284.353695
3669043284.353695
3668959659.634703
3668959659.634703
3668959659.634703
3668959659.634703
3668777235.764814
3668729443.0592413
3668639041.0606375
3668606093.321795
3668398643.509071
3668223901.1456184
3668182431.194366
3668182431.194366
3668107685.448122
3668107685.448122
3668052382.6152444
3667924044.260695
1185469382.6115828
0.0
END
