9898528521275.875
3727938158133.2188
3727938158133.2188
3103484133863.2354
3103484133863.2354
3103484133863.2354
2268548807431.258
1333870529819.9321
1333870529819.9321
1286887593459.0532
1286887593459.0532
1286887593459.0532
1286887593459.0532
926175271589.7925
872820252656.075
570391718399.8582
570391718399.8582
570391718399.8582
570391718399.8582
570391718399.8582
570391718399.8582
513959620616.7806
262983307440.68665
262983307440.68665
262983307440.68665
262983307440.68665
262983307440.68665
262983307440.68665
254009101487.92218
162574575414.56198
162574575414.56198
137501316723.70822
137501316723.70822
137501316723.70822
112968505069.50243
101935741439.37497
101935741439.37497
92054459412.65549
84310799007.5635
77808121062.25769
68434642391.26861
52404467885.12832
49153313634.36938
33367572898.67865
28266555367.450466
11930170309.376568
7305424394.04788
6451296203.470955
5274905791.556354
5274905791.556354
4654331002.368722
4654331002.368722
4589010469.681743
4208653364.964906
4208653364.964906
4161590456.441365
3941897833.1760793
3941897833.1760793
3921529578.8274317
3918781219.9362555
3725136593.4679523
3713321326.1584735
3713321326.1584735
3713321326.1584735
3694727786.004865
3692625925.5224576
3692049977.4395
3690273422.63176
3690273422.63176
3690108708.434342
3689870649.517083
3689680806.262115
3689581478.0405183
3689581478.0405183
3689544006.3020306
3689531290.344877
3689516635.7750626
3688023255.0916533
3686860706.5449424
3685567389.8221154
3684542654.7794414
3683639825.4782553
3682532286.3529243
3681299419.0643415
3680736727.884056
3680468810.721366
3680338208.348292
3680273746.101544
3680067815.25903
3679443507.5461383
3679317094.4681726
3678048872.081643
3677269238.009722
3677269238.009722
3677269238.009722
3676538204.826172
3675706489.4555063
3675706489.4555063
3674914608.7885528
3673976540.992578
3669033266.328482
3669033266.328482
3669033266.328482
3669033266.328482
3669033266.328482
3668858122.239212
3668858122.239212
3668858122.239212
3668858122.239212
3668772912.312119
3668712201.6843843
3668021920.5010843
3667566876.9369793
3666107380.7130456
3666107380.7130456
3666107380.7130456
3665488151.358441
3665488151.358441
3665294019.4653826
3665277827.7216997
3665277827.7216997
3665224015.0767736
3665193921.873955
3665193921.873955
3665192207.2977138
3665164862.6172466
3665091069.3862567
3664965268.5617704
3664865388.8642235
3664788275.80391
3664653258.899154
3664586316.4429946
3664527207.213121
3664445844.413238
3664431777.3251843
3664376053.390346
3664355657.142356
3664211400.1434855
3664102945.3850017
3663991452.3724813
3663864077.61443
3663801446.7776084
3663731178.710353
3663568498.4945664
3663486734.334502
3663374720.8481717
3663319582.9130874
3663191361.079147
3663130866.999636
3663023374.1015472
3662915667.411202
3662822093.5822005
3662730150.106632
3662653816.091989
3662555162.757465
3662481890.590465
3662450494.2101893
3662378610.7307234
3662077564.6766157
3661561756.136808
3661362148.3196325
3661270770.478782
3660981255.920133
3660906291.2136674
3660762233.3658624
3660530970.1210566
3660171469.4435716
3659805286.983179
3659293618.7286563
3659293618.7286563
3659124700.057089
3659124700.057089
3659042328.390209
3659021420.619507
3658916508.2025695
3658864418.774679
3658489695.8834743
3658489695.8834743
3658475436.5032177
3658380469.724542
3658334932.1566644
3658290249.30001
3658265752.8941636
3658254704.911512
3658211068.322219
3658152641.3915143
3658145141.4571724
3658067121.8755636
3657986274.0786266
3657811415.690752
3657456875.417295
3657014110.5689282
3656708722.5964675
3656318797.5393085
3656142623.8771195
3656142623.8771195
3656137447.915853
3656137447.915853
3656061557.217757
3656013110.8395133
3655993990.4244127
3655942493.1920366
3655570501.0150394
3655537673.713865
3654483280.723658
3654294670.785235
3653803097.020711
3653803097.020711
3653216503.0888453
3653164384.34993
3653164384.34993
3653162943.3926024
3653152817.903003
3651917536.474755
3651917536.474755
3651917536.474755
3651917536.474755
3651669568.045758
3651579151.671416
3651552853.8543315
3651418594.6089563
3650856648.1874633
3650756808.4278955
3650756808.4278955
3650756808.4278955
3650756808.4278955
3650695794.5507703
3650340194.3305616
3650039256.5539994
3650039256.5539994
3649863213.6662445
3649853949.6711636
3649853949.6711636
3649853949.6711636
3649849132.1712832
3649849132.1712832
3649040475.986939
3648241887.063827
3647516184.74077
3647005968.569172
3443295017.59926
2819301758.2750497
2293915377.8595757
1951385877.1718912
1488984657.6308377
1023020005.2914568
611662430.5228703
373560561.2818252
222042616.9400108
138193900.9957024
END
