303.4516083808158
300.55042966360566
298.82775853749865
298.6353911937518
288.5616074325981
306.25574075632454
300.0649429287187
295.99024067678056
299.862357694735
297.75025953613044
295.08128978989646
293.6129345185362
296.7858833839973
303.0585242461598
306.4057073988675
305.7921830596853
299.5181369336817
299.41457526443793
300.88432906126826
304.1685940829163
300.91387978646975
301.7303045975794
302.6539965051073
300.56654816525224
302.60178427873626
303.07380210463435
302.803069322981
304.000621147264
304.28981798758815
303.32837717699897
301.4983917889847
302.0447022456952
302.3390193069202
300.82132927664196
302.2242779822248
302.0394942538321
303.5286453770975
303.5195970103699
303.91327706559093
303.78249160235737
303.4163162707797
303.6665486978877
304.86504952173743
304.4357230825353
304.5452913239338
303.9885725977428
305.3336221123368
304.52413741207727
304.74243546641117
304.85088751178375
304.5501487631442
304.34634411041174
305.184100680428
304.8600275924599
305.7024015804695
304.7400018585267
304.7193921893261
304.8281882929395
304.82500109262287
304.9761389149766
304.89090744409276
304.7605683859486
304.64300352954854
304.64791698283005
304.40211908972594
304.2246218516572
304.2733041389719
304.26852810985747
304.3253940133809
304.35134651832294
304.28612769362576
304.234860245081
304.1167750360584
304.2857871943162
304.10825929948436
304.3269149854195
304.42361234279167
304.3975614431777
304.43984836187974
304.46341337132475
304.28370767008806
304.15381712453444
304.0729149144277
303.84843187377294
303.9001078604622
303.68242540752743
303.6149717072747
303.5862500691823
303.69753775029653
303.6691464431406
303.7576330516491
303.7065355655552
303.7525150483662
303.7878803654625
303.8377619417252
303.8267234087099
303.9299509672367
304.03626624401045
304.10434437972594
304.12729545222805
304.18980479642914
304.1202451556729
304.1907582451174
304.2529111783143
304.30683559557707
304.36634934300673
304.0829132424696
304.23346979975054
304.10095037554333
304.11507183871527
304.2913332009695
304.39870276042313
304.4587888276029
304.56393234911616
304.4512617113725
304.4693649936076
304.54686116149657
304.63699813173645
304.7850482018476
304.85186849064996
304.9143460382583
305.003688390913
304.9871994335729
305.01976869355974
305.0090327079452
305.00908629842854
305.0005095408137
304.99453762972524
304.99307401475835
304.99230625280364
304.98454970150027
304.97367455114926
304.9679492761232
304.9632343879108
304.95926057504954
304.9605780493377
304.9601996982393
304.9553928840087
304.95744285511904
304.95327494123876
304.9440582685702
304.9496842479285
304.94815655318905
304.9413962440474
304.93565062989654
304.9364296595625
304.9409418602372
304.9342615152099
304.9307281089637
304.93268958100384
304.9259509834707
304.9249512473455
304.92231454056366
304.9143184437976
304.91337497915464
304.9093820342432
304.8978948838463
304.89444471029975
304.8943217551449
304.8866764084861
304.88188438605573
304.87811124842045
304.8766115111531
