281.35535560227515
279.09830166504065
279.09830166504065
277.05913956615217
277.05913956615217
277.05913956615217
278.75826890916426
274.37525272674577
274.37525272674577
276.188601588916
276.188601588916
276.7800329692251
276.7800329692251
276.7800329692251
276.7800329692251
276.7800329692251
276.7800329692251
276.7800329692251
274.3706529772263
274.3706529772263
277.0197380380098
277.0197380380098
277.0197380380098
276.2704771541756
276.2704771541756
276.2704771541756
277.8491276851042
277.8491276851042
278.9374360576751
278.9374360576751
278.76277479822755
278.76277479822755
278.76277479822755
277.75597768521
277.75597768521
276.73407638433326
275.59694384197564
275.59694384197564
274.8027003489245
276.67007347140293
276.3889432999072
277.6011928435807
278.30143118911724
277.6844082927402
277.75137034391616
277.17106331454033
275.58958551542656
277.4549744079141
276.13749077055917
276.17732539805894
276.17732539805894
276.8298488326079
276.98914526751037
277.18400826377854
277.0544721412252
277.0544721412252
277.0544721412252
277.0544721412252
277.67170219266745
277.56699892689795
277.81149280140437
277.4654810334139
277.7516973573197
277.81015822193086
277.81015822193086
277.6225718983878
277.88297902285893
277.88297902285893
277.5585889353941
277.5585889353941
277.2873519046188
277.2694202957183
277.26344642167777
277.26097072273546
277.3164586167242
277.3588115015819
277.31029733669317
277.47206638779744
277.4861610536795
277.60262748829865
277.60682473404887
277.9621637133557
277.4979551779972
277.4278390028559
277.3921323792935
278.3933960976399
278.3515161860865
277.65428623231975
277.4003501903133
277.4003501903133
277.51276137346844
277.51276137346844
278.95565104426476
278.13665319585374
277.43897762036744
277.30221264425137
277.55271312611166
277.77748494181316
277.969895350956
278.0549055500149
277.98623480175564
END
