14989198312877.377
3705881568812.0312
2783882105274.5234
1601317376179.9922
1228297536455.132
1228297536455.132
1228297536455.132
664520155922.7085
664520155922.7085
664520155922.7085
312171000838.6173
312171000838.6173
312171000838.6173
312171000838.6173
309283324718.5156
309283324718.5156
238467140674.9
184302098421.72748
184302098421.72748
149266991428.93018
149266991428.93018
99069912899.91714
99069912899.91714
99069912899.91714
95539884967.769
95539884967.769
95539884967.769
71363909426.61595
71363909426.61595
71363909426.61595
64881091601.37985
64881091601.37985
59368479962.693825
28810413201.301384
24099295721.725372
24099295721.725372
23834943576.422348
23834943576.422348
3513677294.6785474
3479570249.0783415
2722438285.7140026
1273644234.9153736
31983527.739131134
31983527.739131134
18282831.848629713
0.0
END
