234.0662186994956
228.19706856304174
233.89797864503802
233.89797864503802
233.89797864503802
234.66209860207474
234.66209860207474
234.66209860207474
234.66209860207474
234.61566559836336
235.78238466514443
235.78238466514443
235.78238466514443
235.78238466514443
235.78238466514443
235.78238466514443
235.74371775621813
235.74371775621813
235.74371775621813
235.109102509526
235.9667602914702
235.9667602914702
235.36132881473813
235.59206211791937
235.59206211791937
235.59206211791937
235.59519002188
235.66501041225035
235.60934028594366
END
