8652975259322.138
1346298226526.1523
1011515388331.1572
1011515388331.1572
1011515388331.1572
484715432315.7977
484715432315.7977
484715432315.7977
484715432315.7977
292658363866.00946
109811673107.60306
109811673107.60306
109811673107.60306
109811673107.60306
109811673107.60306
109811673107.60306
91973749584.60786
91973749584.60786
91973749584.60786
77324642396.81544
56567449004.373505
56567449004.373505
18442526469.492897
7674779436.984245
7674779436.984245
7674779436.984245
6904151416.352261
1867426976.0082154
0.0
END
