251.55049313177958
248.0569704263572
248.0569704263572
242.4277914702154
245.49089799252292
245.20681467947512
245.20681467947512
245.20681467947512
244.38274034613647
244.38274034613647
244.38274034613647
244.6611747281989
244.6611747281989
244.6611747281989
243.61584382462203
243.61584382462203
244.127565998636
244.127565998636
245.41194891426426
245.41194891426426
245.41194891426426
245.41194891426426
246.9720178386973
246.9720178386973
246.9720178386973
246.9720178386973
245.22878754123437
245.22878754123437
245.22878754123437
245.22878754123437
245.1342002312501
244.96887976587948
245.43088492534898
245.6169333741453
245.72926973245131
245.5730806452026
245.5730806452026
245.7452537383072
245.29270510353862
247.25784668541846
247.1483711551941
247.61041804572474
247.61041804572474
247.8563199476124
246.48053493002215
246.76001701303724
246.76001701303724
246.57135224403208
246.86391172636425
247.04821644024787
END
