9688966940209.703
3160628001464.8296
3160628001464.8296
2714497691537.058
2714497691537.058
2714497691537.058
1836816086771.3398
918558619648.0559
918558619648.0559
804595111356.0472
804595111356.0472
410845773170.81226
410845773170.81226
410845773170.81226
410845773170.81226
410845773170.81226
410845773170.81226
410845773170.81226
212803763935.39514
212803763935.39514
114181051598.80371
114181051598.80371
114181051598.80371
112422676371.4162
112422676371.4162
112422676371.4162
108421109228.11633
108421109228.11633
98972372875.3343
98972372875.3343
97444805829.33348
97444805829.33348
97444805829.33348
58662630339.08392
58662630339.08392
57575879957.853516
39006726070.54385
39006726070.54385
37957303706.78179
35487131626.59809
34236676046.840042
33862737770.83611
32832515972.556293
30406975916.198658
27908431601.41989
26414435089.02716
25291971206.387398
9496923087.020916
4824261987.054939
555598598.087194
555598598.087194
463548925.4712875
364981156.1185156
241058728.2772245
215763370.45429507
215763370.45429507
215763370.45429507
215763370.45429507
195310904.51016632
183883587.7673603
162615470.80428228
155230009.82559112
142857803.41565043
134527067.0705341
134527067.0705341
134004056.32539524
117673328.26756647
117673328.26756647
109846096.01563813
109846096.01563813
104877437.28390361
99261546.10145536
98145236.78121465
98009988.66436943
91828247.01461922
86436229.24365951
82878838.27875614
76784927.8649241
75293578.43285158
70111155.08964768
68581824.56346254
54152913.758987315
53423737.109210595
42347552.15513733
37163638.840514794
31826807.75207259
27464043.18298143
22816735.44572328
20593829.077937122
20593829.077937122
19953252.200849704
19953252.200849704
19565208.286178946
17359814.868784327
16500072.7529298
14120959.703580974
11790478.053967018
6893279.572781543
2894271.047092195
1980924.864282399
0.0
END
