266.387563953656
257.0735254999423
264.91360809526844
260.1972410645037
249.92354858929883
249.92354858929883
249.92354858929883
260.2393715074451
260.2393715074451
260.2393715074451
258.9184263243952
258.9184263243952
258.9184263243952
258.9184263243952
260.9608407710572
260.9608407710572
261.0595835440693
260.96028983488446
260.96028983488446
265.3538481193515
265.3538481193515
265.7015319980079
265.7015319980079
265.7015319980079
265.05708162626377
265.05708162626377
265.05708162626377
259.6829319615834
259.6829319615834
259.6829319615834
259.32105783133017
259.32105783133017
261.0722686431543
261.37448274663893
261.653429576552
261.653429576552
261.4050762726238
261.4050762726238
263.04219457896494
262.8023629318711
263.26362152471154
262.685680833405
262.4348754081765
262.4348754081765
262.0101272917199
261.075618042814
END
