11574404963433.979
2164158073340.4468
2164158073340.4468
969639554542.7086
903537649356.4475
868699355035.0303
868699355035.0303
868699355035.0303
761574469509.5308
761574469509.5308
761574469509.5308
522615852923.72473
522615852923.72473
522615852923.72473
453854372184.99866
453854372184.99866
326295110872.01874
326295110872.01874
92650052238.3229
92650052238.3229
92650052238.3229
92650052238.3229
48138129553.13569
48138129553.13569
48138129553.13569
48138129553.13569
7014629477.552111
7014629477.552111
7014629477.552111
7014629477.552111
6831627673.103305
6685005349.888279
5877789059.447085
4377091456.641872
2347979862.0430613
2026276178.358017
2026276178.358017
1936914325.9726949
1694953804.2177951
1009007226.3036597
707534711.4290715
367427643.22488934
367427643.22488934
250501859.6173231
122514957.94663371
28929397.093872264
28929397.093872264
22789798.217409547
13182430.569565978
0.0
END
