28391.165818861176
15662.085390667697
17225.97889984295
20730.516231791084
20730.516231791084
20806.438267703943
20806.438267703943
23576.30815856575
23576.30815856575
17233.5248867184
17233.5248867184
17233.5248867184
17233.5248867184
17503.07798544291
17503.07798544291
17503.07798544291
17503.07798544291
18026.448533848652
18026.448533848652
18026.448533848652
18026.448533848652
18026.448533848652
18026.448533848652
18026.448533848652
18026.448533848652
18026.448533848652
16947.62914129455
16680.292913528243
16680.292913528243
17361.496755346372
17144.989804290562
17144.989804290562
17154.42857731614
17154.42857731614
17147.098469562974
17147.098469562974
17147.098469562974
17134.511564495413
17126.24267003267
17151.006708327324
17151.006708327324
17081.77481173938
17041.034966986597
17021.957207102532
17016.491682184947
16969.23195979654
16969.23195979654
16964.500907082907
16978.402013466977
16957.40458963352
16965.403680668544
16937.604720254494
16910.247783654726
16937.421403590306
16882.968979099238
16913.11868766704
16934.818808021388
16958.366543169457
16939.56854016531
16970.33613240443
16987.56635736068
15870.66017258332
15641.107557715575
15868.64868540585
15699.943890487884
15897.507407223347
END
