34863.189987537706
33848.85959116582
33848.85959116582
33848.85959116582
33848.85959116582
33848.85959116582
25068.624424683152
25884.713921012943
25884.713921012943
25884.713921012943
25884.713921012943
25884.713921012943
25884.713921012943
25884.713921012943
25070.394673719595
25070.394673719595
25345.65103213869
25345.65103213869
25345.65103213869
24778.824989769084
24778.824989769084
24778.824989769084
24778.824989769084
24778.824989769084
24615.741642646382
24615.741642646382
24828.38672754325
24788.643946213342
24981.32629457842
24981.32629457842
24981.32629457842
25393.4232355565
25445.84989409214
25239.926713646848
25910.734082807263
25313.01231417307
25279.952516863512
25287.71039920648
25512.161855231316
25512.161855231316
25512.161855231316
25417.226742513674
25417.52419537031
25417.52419537031
25207.277498198462
25271.635239386225
25271.635239386225
25271.635239386225
25444.007991310125
25444.007991310125
25458.2469146675
25309.709251712004
25226.226668659445
25095.458536007536
25095.458536007536
25086.7583078723
25294.408949533605
25217.016535158626
25009.58479950358
25034.203164931754
25204.80470766816
25053.780390722764
25147.58210605399
25147.58210605399
25160.728911250648
25188.581682990705
25117.682230309394
25169.759440806432
25127.6590529416
25124.996692923207
25153.068125678685
25132.828970276503
25087.164640990562
25131.6920723625
25136.440014099622
25116.780777349715
25108.267201832925
25128.220452988986
25062.120752711275
25062.120752711275
25049.258747058317
25034.365363877267
25075.69203819152
25137.267181630028
25143.650006910633
25157.9094449197
25164.827339201947
25162.1265777155
25180.112666905163
25184.632308515684
25186.162559518845
25193.153581642277
25149.56902282701
25151.30351996523
25129.888559548297
25139.566562373584
25137.064912721537
25135.868252447206
25118.24000482753
25128.882030217173
25122.09184317126
25112.21390717105
25106.339553549216
25134.542399619582
25149.820550394783
25157.71575563511
25155.401504229067
25175.821418827414
25159.131293971528
25149.43545969315
25142.92277176304
25102.164782584194
25087.55656661852
25058.20813071485
25062.159069245477
25041.170458465538
25041.170458465538
25036.693146575286
25013.234202678337
25051.83702228203
25028.28429750338
25029.00915993378
25068.81197722666
25120.87786972161
25185.853132058575
25223.635307420358
25215.851134444354
25252.677467243673
END
