305.23861004775165
287.7798601368416
294.3558578713403
294.3558578713403
294.3558578713403
294.3558578713403
294.3558578713403
294.3558578713403
294.3558578713403
294.3558578713403
290.55068793709137
291.0258039086971
291.0258039086971
291.0258039086971
293.08251128495635
293.08251128495635
293.08251128495635
293.08251128495635
293.267882014167
294.3679705798229
294.3679705798229
294.3679705798229
293.8395832651948
293.87939667019475
296.29646839100053
296.29646839100053
296.29646839100053
296.29646839100053
296.7156460627295
297.46058363062195
297.86590475505596
297.7681918472642
296.807787327971
299.09097250743736
299.09097250743736
299.09097250743736
298.27183255281193
300.03109266513457
299.60725979059833
299.60725979059833
299.9667730917728
299.98162432358663
298.29121789316093
298.3538687267588
299.2333966804609
296.81565674742615
297.4658788121098
297.6877439584473
297.98613930343924
297.55172049744664
297.8897638079655
297.6676071762098
297.70252795682666
297.5562366586863
298.10911642158595
298.01109219505935
298.01109219505935
297.185708942422
297.0317621708197
297.4263095525474
297.13828146986316
297.6923527239908
297.18181870895455
297.1352419644785
297.16353182048687
297.0258607340757
297.0440323150244
296.9609075293376
296.9609075293376
296.9180939247833
296.71944477653307
296.49457470796716
296.47618454362475
296.46531137455287
296.3462907657875
296.47399569955047
296.4489035031565
296.5101216718529
296.7767521578154
296.71315062306576
296.8235659046755
296.57091342222685
296.59178621039587
296.3968474098255
296.31372929703343
296.28409701578283
296.35832876310195
296.44338859094876
296.5619622342683
296.6339489549918
296.45747009603923
296.46148074421365
296.9745290324274
296.70288439420926
297.0117837794552
297.370143478079
297.41710471500494
297.3144800396037
297.3144800396037
297.46544589844143
297.3082259797192
297.39523645557307
297.3952595350672
297.29304343985626
297.2593418197198
297.32961214815515
297.32961214815515
297.32044523326016
297.3359462747952
297.37893431162206
297.3987424163148
297.42336354118476
297.4885769182169
297.4096303977827
297.49331445140865
297.4898978717228
297.4554039922536
297.4524983236659
297.43475348493126
297.40677539213976
297.4096842601383
297.3641742628874
297.412615363907
297.3831552398467
297.3697553971901
297.41309907006524
297.42547984682534
297.3972969676052
297.41572689278365
297.4104946979075
297.4076950381832
297.39045047180184
297.3777212972463
297.3611774709431
298.0168356192164
298.488981075126
297.03767301640136
297.03767301640136
297.03767301640136
297.03767301640136
297.6450084751742
297.3952323610682
297.3952323610682
297.25661627299826
297.25661627299826
297.25661627299826
297.41578154196657
297.6666002933915
297.6666002933915
297.5807743495906
297.5807743495906
297.5807743495906
297.5807743495906
297.6143162525603
297.6143162525603
297.6143162525603
297.454531322222
297.65922746419983
297.5655056420358
297.5804244376533
297.4994440547712
297.57161186890806
297.5931404549184
297.66619170044146
297.68212605097835
297.65887922538195
297.6737452735852
297.7534276743456
297.7536476532439
297.80874290930115
297.8894555143254
297.9503688762283
297.99707148639976
297.86989242547673
297.9473404977652
297.89894225890544
297.91379855150865
297.92664951306483
297.8612554709704
297.8698141658027
297.85494837591887
297.86355517060707
297.8466111798817
297.89219757820365
297.89583053806865
297.9120831030988
297.898012852104
297.9212613236748
297.8579249169864
297.81818084606664
297.8383943721073
297.8412414247538
297.82466416869977
297.8295152416387
297.87960892407676
297.827729559514
297.8248992457243
297.80138850280287
297.8145812461968
297.81699695353785
297.8252289897212
297.9623603560089
297.9844400935401
298.0938369395659
297.90983606816536
298.0382046603492
297.67770561742657
297.5896769849214
297.61858055609576
297.6773817679064
297.62865237117234
297.6052521526388
297.7546051869943
297.7162627673506
297.74734290342946
297.7727286654935
297.76281666929486
297.75776940871737
297.73821894292786
297.75266935695464
297.73704692866147
297.7342094160028
297.7263592475927
297.73734990877597
297.69626259097737
297.6965840106445
297.7007282453274
297.69369861059664
297.69042286723584
297.69042286723584
297.69042286723584
297.69042286723584
297.69042286723584
297.6999052918968
297.6995499619229
297.7047004311627
297.69062942714123
297.69104560269557
297.6845476285274
297.6866470976377
297.6866470976377
297.68533579971944
297.68533579971944
297.68533579971944
297.68533579971944
297.6825538329733
297.6825538329733
297.6825538329733
297.6825538329733
297.6825538329733
END
