270.14131886149386
269.4944753551697
268.6949292921353
268.6949292921353
273.77387432969687
273.77387432969687
273.77387432969687
275.1062516418571
275.1062516418571
275.1062516418571
271.106550640817
271.106550640817
271.106550640817
273.6883682963964
273.6883682963964
271.5391990033602
271.5391990033602
271.5391990033602
275.875181248474
275.875181248474
275.44241588362826
275.44241588362826
275.44241588362826
275.44241588362826
275.44241588362826
275.44241588362826
275.44241588362826
275.44241588362826
273.7624108223991
273.7624108223991
274.047769996339
274.047769996339
274.16474385912704
274.16474385912704
274.1675866066117
274.4018282823618
273.87603661351716
273.18348952126706
273.8100212857189
273.29680307180547
273.96125777407934
273.1254382020293
273.1536927709332
273.36798775928844
272.96031427503635
273.5626424550378
273.9581736120517
274.03760308006406
274.45920839579117
274.39187358514624
274.1867766893104
274.1867766893104
274.2432658337417
274.2912788260612
273.8900108915259
273.1037014633197
272.8642353419467
273.16918484010273
END
