269.82098196187127
265.62399957592703
262.6174638397984
262.6174638397984
260.68652279740525
267.749698819162
267.749698819162
267.749698819162
267.749698819162
267.749698819162
267.749698819162
265.7867745233721
267.2234140350003
267.81419887545644
267.81419887545644
267.81419887545644
268.33923254784406
268.33923254784406
270.8231212763211
270.8231212763211
266.7299659310885
264.9094398334709
264.9094398334709
268.1227942068822
268.1227942068822
268.1227942068822
268.1227942068822
268.1227942068822
269.8849618935484
269.8849618935484
269.8849618935484
269.8849618935484
269.8849618935484
271.8887101650539
271.8887101650539
271.8887101650539
271.8887101650539
271.8887101650539
271.8887101650539
271.8887101650539
271.8887101650539
269.71010651742324
270.64107730125954
269.784075540498
270.74602600028004
270.74602600028004
271.18393181043604
271.81901985988316
272.38587873695815
272.2529883269718
272.2529883269718
272.2529883269718
272.2529883269718
272.1721887387971
272.26540607697115
272.2299770615409
270.97581795992846
271.36971732596163
271.2184921512221
271.29617152168316
271.0424987332141
270.91155799254994
271.16262493556644
271.2936816220762
END
