25101.626465846588
16947.668714459185
28286.045071075747
28286.045071075747
28286.045071075747
28286.045071075747
28286.045071075747
28286.045071075747
28286.045071075747
28286.045071075747
29322.5457428993
28617.14216323878
28617.14216323878
28617.14216323878
27266.471647847502
27266.471647847502
27266.471647847502
27266.471647847502
27198.398153612015
26744.176286853944
26744.176286853944
26744.176286853944
27747.768457124737
27429.503639952156
27712.819074792842
27712.819074792842
27712.819074792842
27712.819074792842
27002.039865672068
26965.583538548482
25866.194704721856
26374.105716297207
26748.902821312877
27118.939290481365
27118.939290481365
27118.939290481365
27363.903520682008
27208.009518705054
26879.111105974265
26879.111105974265
26831.385791877063
27008.04719731088
27318.905390404427
27486.892071509785
27914.089993266964
27635.614558565874
27491.859341305477
27412.263246326595
27217.633269974227
27616.451084589615
27284.46403742801
27425.0018226698
27664.885622549366
27903.395202211403
27998.636567451867
27848.048035183172
27848.048035183172
27754.91843393966
27776.13576419439
27629.269613692348
27664.913602183737
27753.113394155265
27602.115692676016
27662.736906433354
27697.270818597863
27626.18054819006
27544.522562654907
27528.868424848664
27528.868424848664
27433.21479122684
27421.305974493032
27254.512095583043
27309.857930775408
27165.46904592683
27207.55314279523
27179.69993880555
27157.167581363214
27035.259877344433
27158.62001139153
27100.163150752953
27131.452026529445
27123.13143172742
27103.472625558574
27084.74806227539
27101.83871066402
27089.45052308338
27091.779063707283
27092.62920505149
27023.18960581473
27024.411193186785
27073.604831821267
27050.59943574531
26958.174811459823
26975.300544079346
26918.169998058227
26850.526139696187
26829.325547816905
26831.272514374425
26831.272514374425
26820.281121261607
26824.65966203498
26824.675514102193
26852.18249989248
26856.74207856581
26870.04660740024
26872.2422057757
26872.2422057757
26891.4621906178
26878.330759982335
26866.324536601627
26852.483174851655
26850.473478761982
26832.47723603047
26824.43126759021
26825.763420784686
26801.195184777847
26819.032974509042
26803.945634102416
26810.227666171104
26808.25594257458
26802.949621627027
26805.6966202508
26800.98706410914
26799.86878156411
26794.21939304545
26797.78691434444
26790.348453551647
26789.023488102313
26786.310495652804
26780.786399254423
26780.99313611741
26778.60079828305
26775.771924132423
26775.914212950083
26887.32585465721
26912.162992653946
26833.216022353903
26833.216022353903
26833.216022353903
26833.216022353903
26854.372075025567
26848.534165554564
26848.534165554564
26853.958178212673
26853.958178212673
26853.958178212673
26833.469693601233
26824.730480961207
26824.730480961207
26880.004581394318
26880.004581394318
26880.004581394318
26880.004581394318
26868.521552156322
26868.521552156322
26868.521552156322
26845.733433468944
26905.89001364245
26865.12012343292
26869.815330533937
26854.04126441048
26873.019018297142
26863.056288453547
26876.052704946254
26860.95242001174
26859.511416756184
26863.210188458695
26857.45529177424
26865.179035438923
26869.534196472905
26868.63853395435
26869.010375781145
26858.932649076807
26879.951068385737
26892.777224111844
26901.63299734961
26878.301684649105
26895.127077217287
26877.531546672486
26897.116734118135
26885.926381148784
26869.548937534673
26864.702633618203
26857.779848753475
26851.665130776077
26849.804545959458
26844.187642002587
26844.295155638094
26866.010762354166
26861.525768937547
26857.39982395178
26857.66526570175
26854.922530806085
26848.007527910606
26855.925326969053
26875.764009781284
26868.971009979115
26867.130724852086
26864.838910269296
26860.366470338522
26864.78074401802
26853.05841659855
26839.757665179262
26849.45876443863
26829.772011180074
26823.128722953727
26821.089768200025
26816.859821010752
26811.128881676865
26811.466342512715
26813.937921114408
26819.503267226086
26827.643998650434
26837.90396091273
26851.39967404975
26874.349978765524
26885.706224352514
26894.783845726575
26907.52526669896
26926.42352604984
26948.67932581067
26986.122399716558
27027.21547679254
27083.9419150057
27150.19097806578
27260.02175767206
27361.237181964625
27507.3314013032
27595.69589528725
27595.69589528725
27595.69589528725
27595.69589528725
27595.69589528725
27761.04120326638
27928.113943462027
28191.731225733343
28477.778936672643
28918.074651551706
29408.53517688623
29490.56600806643
29490.56600806643
29494.501096791064
29494.501096791064
29494.501096791064
29494.501096791064
29494.735589988228
29494.735589988228
29494.735589988228
29494.735589988228
29494.735589988228
END
