9968963268701.158
2950565355259.9424
2769339080796.486
2769339080796.486
2045859650292.1965
2045859650292.1965
2045859650292.1965
1714003588586.7234
1714003588586.7234
1714003588586.7234
1561103751801.656
1561103751801.656
1430773694971.3704
1258673561265.667
1258673561265.667
1258673561265.667
1258673561265.667
957649787761.6156
841515696700.749
790719784379.2405
790719784379.2405
790719784379.2405
790719784379.2405
790719784379.2405
790719784379.2405
790719784379.2405
441663287764.5295
441663287764.5295
441663287764.5295
441663287764.5295
441663287764.5295
441663287764.5295
441663287764.5295
441663287764.5295
441663287764.5295
441663287764.5295
435215214327.2612
435215214327.2612
368971873559.82983
359523167201.25574
306514361743.6129
269989154505.63513
269989154505.63513
250490354864.288
250490354864.288
161920389899.807
149504937774.86963
133948381703.50615
133948381703.50615
117375422174.19702
84943310999.50224
82042541193.09087
82042541193.09087
78052057479.53796
78052057479.53796
67836864691.18382
57148227821.94644
43933319536.055214
39175115190.02977
39175115190.02977
39105984179.70495
38136104324.7185
32967094630.116135
32236001720.049274
32236001720.049274
30613830799.346806
10032382789.350527
8974136599.70676
7153146290.721665
5758964701.16713
5758964701.16713
5758964701.16713
5308445818.205976
4518595854.193978
3378366196.894001
2511044815.522883
1645530260.5038993
855656602.9280612
222375272.25896353
31007959.469947834
31007959.469947834
31007959.469947834
31007959.469947834
1508406.6233298874
0.0
END
