19188.78383287823
14766.240576025062
14799.205307896877
14799.205307896877
14734.527127171543
13938.909606858797
13938.909606858797
13938.909606858797
13938.909606858797
14744.19262002087
15006.433782557935
15006.433782557935
15006.433782557935
14218.972222461478
14218.972222461478
14226.169733974566
14226.169733974566
14226.169733974566
14226.169733974566
14226.169733974566
14226.169733974566
14226.169733974566
14226.169733974566
14226.169733974566
14226.169733974566
14228.59950030241
14228.59950030241
14228.59950030241
14263.94207856073
14263.94207856073
14611.494841448432
14611.494841448432
14611.494841448432
14611.494841448432
14611.494841448432
14611.494841448432
14611.494841448432
14611.494841448432
14697.013055905365
14688.656166923494
14355.970027023468
14315.587383098751
14315.587383098751
14340.426948488555
14769.621136801155
14891.036453152468
14891.036453152468
14891.036453152468
14906.059476105067
14906.059476105067
14906.059476105067
15247.338979236374
15247.338979236374
15247.338979236374
15247.338979236374
15247.338979236374
15247.338979236374
15315.889770754764
15268.11202234923
15378.10902708504
14903.821704869573
15201.22406173345
15201.22406173345
15201.22406173345
15120.885959755324
15096.6028258405
15199.328396774992
15199.328396774992
15199.328396774992
15199.328396774992
15370.81345570026
15213.365520167474
15213.365520167474
15132.911329549313
15091.466508380534
15286.336304392336
15328.273319419928
15339.56198900449
15388.934058533901
15389.272566725413
15389.272566725413
15383.279598074132
15398.786969255336
15416.608188107068
15397.24559713847
15390.136103518338
15364.207812611994
15368.52037337069
15364.134221105913
15322.80119803295
15322.80119803295
15327.969827540539
15377.15566303784
15397.636528076433
15415.805523706636
15392.734769109857
15408.80328254903
15400.333864592942
15373.111759269157
15398.63572514002
15382.03056787706
15391.486413882381
15370.618122607017
15377.297777427924
15377.297777427924
15381.682519556814
15385.868022451992
15400.733041507045
15391.82872230814
15376.062673521294
15376.062673521294
15384.788216066838
15387.202336523844
15383.051276993789
15360.235063037248
15355.705180025943
15354.689862747102
15345.781352287824
15341.346931200384
15352.45928488206
15337.052901945442
15099.901789835
15140.447174010262
15121.78952945413
15138.177767134293
END
