252.57883408642084
244.43799934546882
240.8463218306526
238.67214919427025
238.67214919427025
247.1358069935181
247.1358069935181
251.9504811733959
251.9504811733959
255.19844783232153
255.19844783232153
255.19844783232153
255.19844783232153
253.3226676650382
253.3226676650382
253.3226676650382
253.3226676650382
254.2083993678859
254.2083993678859
254.2083993678859
254.2083993678859
254.2083993678859
254.2083993678859
254.2083993678859
254.2083993678859
254.2083993678859
251.61594393981125
251.96903261329518
251.96903261329518
254.63952279764212
255.42355857694608
255.42355857694608
255.69736342186306
255.69736342186306
255.6859939068857
255.6859939068857
255.6859939068857
255.21055285452732
254.99960541615565
255.36480545800995
255.36480545800995
255.21670147220198
254.9460040176636
254.73732094917614
254.8707778605017
254.57161830434583
254.57161830434583
254.86867778943164
254.7265484887555
254.8575885687874
254.64917214878759
254.72905280704293
254.72823329716772
254.55582607329734
254.53691864102151
253.9156314417345
254.32030365678003
254.50241333332946
254.6187002813067
254.63387912636142
254.37029156931263
253.44411929420255
253.25222330260414
254.3364261983346
254.52447654319053
254.43899192231595
END
