247.339836387128
238.98433608228422
234.98550627525796
233.3860721260973
233.3860721260973
232.08600379108037
239.58443080828152
242.69485946373183
242.69485946373183
242.69485946373183
242.69485946373183
242.69485946373183
242.69485946373183
241.79949250132378
241.79949250132378
241.79949250132378
241.79949250132378
242.581279126641
242.5058796743039
242.6155111494603
242.6155111494603
242.6155111494603
242.74811884420987
244.2956970425076
244.2956970425076
245.26405708801602
244.69883045500694
244.04085493875814
244.04085493875814
243.67930719335934
243.67930719335934
243.41140111107174
243.64557801473867
243.96276325527487
243.75442227930893
244.26441220104311
243.86975344723794
243.33353877857857
242.70483611642123
243.26677788538638
243.26677788538638
243.07311101807315
243.1789239751751
242.89576041184742
242.75350232141975
243.26015635040346
243.71087823351013
243.05855822972995
242.97773002213745
242.359445346533
242.41896385217652
242.47449469154728
243.05703997868937
243.05703997868937
243.61443753033282
243.61443753033282
243.32920502540227
243.32920502540227
243.0377153244135
243.0377153244135
242.33969232937415
242.6048366773071
242.49380569597977
242.4691963583615
242.3939092721805
242.42222229210466
242.43917741742635
242.3339157579173
242.4304988750867
242.8147701498604
242.6192704316181
243.01915582240574
242.97831844725448
242.9086965537858
242.9086965537858
242.64618869633964
242.7402238911652
243.31510393008705
243.08728394782864
243.12432960305208
243.4834426425292
243.75105305577753
END
