29082.103030149134
28150.923964137623
31463.493122106862
31463.493122106862
23174.51581162608
23174.51581162608
23174.51581162608
32327.149259758622
32327.149259758622
32327.149259758622
33664.11076059983
33664.11076059983
29563.288895270925
23098.73358740068
23098.73358740068
23098.73358740068
23098.73358740068
31960.153970758052
23764.59575757797
26402.076110426202
26402.076110426202
26402.076110426202
26402.076110426202
26402.076110426202
26402.076110426202
26402.076110426202
26235.34467119426
26235.34467119426
26235.34467119426
26235.34467119426
26235.34467119426
26235.34467119426
26235.34467119426
26235.34467119426
26235.34467119426
26235.34467119426
26084.71664759113
26084.71664759113
25646.032182779523
25993.3936916259
25926.92808861718
26033.29155352174
26033.29155352174
26329.405231069206
26329.405231069206
26459.91640296878
26525.184957426114
26568.475004356173
26568.475004356173
26738.448734516052
26079.682151587498
26196.040950931456
26196.040950931456
26436.796704683475
26436.796704683475
26405.246891770956
26140.972623554757
26102.86444228931
25925.325972880135
25925.325972880135
25923.39815439156
26018.535266398598
25935.50152218975
25947.535541353805
25947.535541353805
25960.591114140414
26037.244338628643
25910.675283513432
25932.842807705783
25990.039941935967
25990.039941935967
25990.039941935967
25950.593056381713
25902.346169474404
25752.73877542849
25725.141826793908
25667.020809487312
25547.370216512867
25413.087197758658
25659.085286173824
25659.085286173824
25659.085286173824
25659.085286173824
25525.58092837913
25546.71107014444
END
