33285628210057.66
4743581605352.514
4743581605352.514
4743581605352.514
4743581605352.514
4743581605352.514
4013692332936.348
1049847563405.8137
1049847563405.8137
1049847563405.8137
1049847563405.8137
1049847563405.8137
1049847563405.8137
1049847563405.8137
1049847563405.8137
930257851069.624
773454006253.3732
773454006253.3732
773454006253.3732
752894858318.1036
675278837204.5945
675278837204.5945
529552418452.03394
529552418452.03394
497646732148.3282
497646732148.3282
314999261761.4963
314999261761.4963
227585783864.79803
227585783864.79803
227585783864.79803
222019843212.31876
175708584369.81192
175708584369.81192
135608158377.01764
131113574236.9379
131113574236.9379
131113574236.9379
104796684857.99303
101013938615.44438
82923677128.48544
81840680658.38383
80871111851.5837
75696157603.93141
68908787079.5582
63544780050.24341
62630812467.59352
49224409502.58322
44326434755.93922
41468978120.18563
41468978120.18563
37732437310.18106
32300582172.33588
30852591167.5904
28509380198.153084
27536404568.885815
26840388602.011322
25315899911.284782
24084496787.20628
22926967832.96339
22427465921.177494
21623641061.406166
21236285668.012146
20738377576.362965
20552273778.074722
20463187479.497726
20380810976.882614
19801996426.682713
19479622608.335026
19083611369.30043
18378422553.552593
18378422553.552593
18245499122.3176
18245499122.3176
18155045421.189934
18077273845.734325
17913137028.974205
17668439875.769913
17505923927.124733
16390335487.960953
15765178295.959757
14920939314.809603
13888683451.241928
12482428010.415323
11041162059.804153
10167423733.182367
10084452669.494911
9968539249.753023
9842212404.778772
9744575126.56502
9621205934.924814
9518674989.864676
9296178294.208496
9163643669.19212
8953686872.826519
8603653103.088783
8421772490.591544
8099281255.9990425
7903344003.960369
7672922478.827426
7563810875.900586
7340180060.872208
7278102763.406792
7267062584.253213
7253107616.78912
7253107616.78912
7253107616.78912
7253107616.78912
7253107616.78912
7253066531.055851
7253066531.055851
7253057342.101709
7253057342.101709
7253057342.101709
7252992835.920488
7252992835.920488
7252995184.143293
7252991777.417119
7252994972.286146
7252994972.286146
7252991820.45823
7253002047.577962
7252994619.837266
7252994523.240566
7252991666.166503
7252992052.118841
7252995025.559332
7252997928.083748
7252994640.820019
7252995196.942501
7252992303.032105
7252991511.810573
7252991596.741783
7252997739.562308
7252992099.567661
7253000019.473835
7252994240.655494
7252999083.715751
7253000578.32117
7252992786.665152
7253004162.944807
7252998324.314569
7252993239.617381
7252993294.909597
7252993294.909597
7252992099.153324
7252992099.153324
7252993444.777804
7252993444.777804
7252992118.67643
7252992797.597328
7252992797.597328
7252992797.597328
7252992281.083479
7252992203.096231
7252991938.746666
7252991990.433243
7252991690.562004
7252992108.453013
7252992012.88503
7252993078.9788065
7252992307.089601
7252992531.061987
7252993469.476134
7252993732.91086
7252993423.091054
7252993017.295784
7252992621.407446
7252992522.687109
7252992693.745496
7252992464.999852
7252991787.034673
7252992644.56866
7252992657.636666
7252992708.150242
7252992653.015998
7252994623.83747
7252992889.668585
7252992860.753159
7252993046.754585
7252993072.957389
7252993650.06396
7252993051.682563
7252993051.682563
7252993125.447673
7252993491.130299
7252993491.130299
7252993090.314194
7252993007.907217
7252992929.652853
7252992929.652853
7252992857.0810375
7252992857.0810375
7252992770.600053
7252992770.600053
7252992824.781308
7252992730.64485
7252992872.354185
7252992746.93347
7252992713.111443
7252992773.682846
7252992746.384347
7252992991.99039
7252992854.477143
7252992847.961743
7252992845.837872
7252992846.073083
7252992887.265838
7252992912.410645
7252992821.567593
7252992983.07546
7252992827.645784
7252992831.236167
7252992826.03615
7252994074.733388
7252992837.637399
7252992846.200118
7252992907.468374
7252992944.495608
7252993339.908975
7252992851.948319
7252992866.441512
7252992942.473932
7252993348.660976
7252994546.482567
7253000661.931527
7253007172.926385
7252994204.8947735
7252994018.893793
7252993393.695219
7252993070.79555
7252993173.35453
7252992848.624867
7252992848.624867
7252992848.678994
7252992848.678994
7252992960.73785
7252992960.73785
7252992988.573088
7252992841.369323
7252992847.798164
7252993109.42027
7252992846.520907
7252992850.451321
7252992851.181332
7252992852.792009
7252992853.753561
7252992853.753561
7252992853.753561
7252992853.753561
END
