276.38044446132227
275.2369215232825
274.8916668610544
274.8916668610544
279.92927957296956
279.92927957296956
279.92927957296956
281.03829800243494
281.03829800243494
281.03829800243494
280.3543693912483
280.3543693912483
281.3451489779432
281.60900635862646
281.60900635862646
281.60900635862646
281.60900635862646
283.23389758504493
282.1470166270171
284.0097560198482
284.0097560198482
284.0097560198482
284.0097560198482
284.0097560198482
284.0097560198482
284.0097560198482
284.75593378585506
284.75593378585506
284.75593378585506
284.75593378585506
284.75593378585506
284.75593378585506
284.75593378585506
284.75593378585506
284.75593378585506
284.75593378585506
284.5766214922639
284.5766214922639
285.35297328104855
283.92606234478814
285.79321045065814
283.7111277556749
283.7111277556749
283.68693097013414
283.68693097013414
285.1829438730959
285.8088592770574
284.1595034359267
284.1595034359267
284.97098195801425
283.93488722257683
284.0705564273447
284.0705564273447
283.70848680937115
283.70848680937115
282.08601089165546
282.24976817741964
282.0789639265808
282.50574085179505
282.50574085179505
282.1597028805478
281.4400387427735
281.8406276481364
282.468783659141
282.468783659141
282.6401514936063
282.2871915783248
281.8305238170711
281.6967870067592
282.14352519301195
282.14352519301195
282.14352519301195
282.17821055770133
282.14482610869857
282.24277618036206
282.16525731029714
282.27139465670945
282.37535769806624
282.52166577396076
282.9089976357981
282.9089976357981
282.9089976357981
282.9089976357981
282.56686541335455
282.8557564485233
END
