15066945750632.236
6882314717425.724
3668813858173.1455
2899225926751.5166
2899225926751.5166
2067313501084.1895
2067313501084.1895
1140277791459.5388
1140277791459.5388
999836540097.8381
999836540097.8381
999836540097.8381
999836540097.8381
651582574864.7675
651582574864.7675
651582574864.7675
651582574864.7675
574775956788.1125
574775956788.1125
574775956788.1125
574775956788.1125
574775956788.1125
574775956788.1125
574775956788.1125
574775956788.1125
574775956788.1125
499077108720.175
318386160902.4597
318386160902.4597
160526108958.2514
77552413079.85623
77552413079.85623
61033790048.3939
61033790048.3939
54343302248.76395
54343302248.76395
54343302248.76395
45642521739.222145
35825696366.12241
28419216811.18046
28419216811.18046
23922778778.73414
23806730082.646626
23149856521.233612
22590730850.11411
22409588440.135155
22409588440.135155
22259382608.10795
21328689619.95784
20630414153.917763
20498420413.17555
20274065339.970734
19864814410.05371
19454730196.54644
18940257494.90423
18822292100.617157
18683719612.93733
18480055297.818302
18317121464.622982
18239130170.48563
18234642801.952156
3828100883.53841
89021232.14016007
27265156.411884833
1353466.2441285953
0.0
END
