32867440839609.117
4490205570346.121
4490205570346.121
4490205570346.121
4490205570346.121
4490205570346.121
3723438191803.73
845405781348.5637
845405781348.5637
845405781348.5637
845405781348.5637
845405781348.5637
845405781348.5637
845405781348.5637
697328956267.2129
697328956267.2129
548750818982.3888
548750818982.3888
548750818982.3888
409112904596.2875
409112904596.2875
409112904596.2875
409112904596.2875
409112904596.2875
394873703895.3559
394873703895.3559
380530725023.759
306979467209.64734
251727858991.19348
251727858991.19348
251727858991.19348
245910822817.5782
218529369514.71378
210157062032.0343
205316906210.9466
158868363923.56628
155393640533.4273
150695513196.2709
128661616430.1911
128661616430.1911
128661616430.1911
103219218470.29144
83057290383.19194
83057290383.19194
65278324776.62753
52110861018.7865
52110861018.7865
52110861018.7865
47391435498.920845
47391435498.920845
46529705900.72632
44869594071.66746
44090695553.6541
41461141179.387726
41461141179.387726
40958602723.69739
40225698788.9587
39377273089.95311
37146275274.27015
34353094358.982895
33479403259.634354
29070599079.134907
16834267976.953978
16834267976.953978
16789670013.559008
16589336947.865656
15542008562.650534
15278552554.73344
14814044097.62848
14421700905.164135
14032660556.876337
13569649833.848825
13218745471.37479
13133510165.529957
12998886807.034767
12952686881.93088
12826044176.191822
12745545161.07701
12667683784.223333
12667683784.223333
12628002709.827707
12615293150.844896
12603133767.224329
12603098735.06099
12601131012.616716
12593130657.765205
12580393973.684206
12577761678.216793
12572087116.333778
12562287956.547337
12555617081.601568
12548429087.046242
12539664827.559896
12531095781.841864
12524656345.716244
12520343474.052736
12505946682.34905
12496384667.17066
12481459178.296873
12465630080.905775
12447606978.11127
12429068603.264034
12399252319.594746
12365516099.494621
12317260385.477835
12307297936.078903
12213760187.895126
12174935656.8383
12128610661.16105
12086150735.705654
11929930066.440573
11821504782.360334
11648244090.024324
11519665450.777735
11416665228.728573
11382666667.376257
11382666667.376257
11289030296.606218
11062374164.005747
10872736085.91905
8420870760.407062
3527846949.791655
711299229.3064489
137497.07086612238
311793.39884376427
49480.526913348345
8770.138815696573
0.0
END
