34863.189987537706
33848.85959116582
33848.85959116582
33848.85959116582
33848.85959116582
33848.85959116582
25068.624424683152
25884.713921012943
25884.713921012943
25884.713921012943
25884.713921012943
25884.713921012943
25884.713921012943
25884.713921012943
25884.713921012943
25609.040063109933
26487.55402253662
26487.55402253662
26487.55402253662
28857.655612932354
26879.53265442286
26879.53265442286
25793.140586108486
25793.140586108486
25398.618765220028
25398.618765220028
26358.550986286748
26358.550986286748
27880.548487100663
27880.548487100663
27880.548487100663
27517.471285189404
27549.956452864106
27549.956452864106
27367.984076067223
27613.478378171836
27613.478378171836
27613.478378171836
27626.571968830016
27580.504526568584
27275.005107093755
27275.430741424614
27430.883661769723
27428.714357796714
27423.040162690653
27381.744808312716
27073.380615887556
27403.816422572305
27082.95767523916
27067.132810593474
27067.132810593474
27342.122920937607
27231.91670953513
27306.182754434034
27353.154821652653
27458.23968679613
27370.30405662966
27488.144402947677
27377.40146547486
27273.691638335597
27292.133433610263
27193.696547494277
27234.427992316174
27219.580235965146
27311.0426409998
27301.042594180864
27336.51658727417
27302.985864731756
27318.622414687812
27232.65659966963
27260.194859431533
27260.194859431533
27302.06357582967
27302.06357582967
27286.76861197618
27268.317310169383
27241.786243609546
27288.805856000992
27283.0376041962
27260.663045453264
27276.5213170872
27282.34465256039
27285.058546982465
27273.259170362144
27267.701106630077
27260.144196337096
27276.42772348045
27261.835527461997
27264.40476195251
27260.777409823586
27272.68414100545
27263.829343559133
27207.1068190343
27200.003485803616
27180.487453151876
27145.30627714641
27135.642158616345
27130.99808065028
27114.76728365956
27087.308298302953
27084.78278911401
27079.49661357209
27075.566606361775
27078.494382483106
27077.568265922866
27077.568265922866
27077.568265922866
27077.568265922866
27077.568265922866
27077.347373320656
27077.347373320656
27082.15119954143
27082.15119954143
27082.15119954143
27080.96004032859
27080.96004032859
27082.171050323854
27083.20702602806
27088.399335741815
27088.399335741815
27087.811671622912
27090.816905516913
27091.921878816545
27093.366696437744
27097.032146006095
27098.540203404234
27103.00959882316
27106.899601806137
27110.805911629348
27115.35394600741
27120.188387262642
27124.554683540424
27130.25944730839
27137.246802938404
27142.21077739601
27149.910997761217
27156.82452560339
27162.685107378962
27173.98259201405
27180.94977709497
27193.309422529015
27202.46535067404
27206.37533999366
27206.41425361399
27206.41425361399
27206.6857875949
27206.6857875949
27207.087345383115
27207.087345383115
27207.155653056623
27207.580429541606
27207.580429541606
27207.580429541606
27207.51160388304
27207.63749951031
27207.818425150188
27207.947765173194
27208.081309048626
27208.353206046
27208.83973955547
27209.438489411048
27209.883226349673
27210.5911589663
27211.675631104088
27212.521548508914
27213.342995333438
27214.761425819943
27215.953622141133
27217.55489689831
27219.106480409893
27221.2872269691
27223.603654631606
27226.958014154203
27230.35455549594
27234.56602054267
27239.074784855857
27245.055098557576
27251.764716316808
27259.67610742316
27270.455679169885
27285.007446405034
27297.728594132757
27303.54598629086
27303.54598629086
27303.585370685614
27303.75388049263
27303.75388049263
27303.73652468058
27303.753383323285
27303.83970135419
27303.83970135419
27303.829542838652
27303.829542838652
27303.901586721408
27303.901586721408
27303.92212709824
27303.93391255736
27304.00267681967
27304.011111676602
27304.100165027317
27304.15788938904
27304.225469812707
27304.34242047925
27304.4248872868
27304.57889592125
27304.804220433172
27305.006357445614
27305.188117483827
27305.325195429654
27305.41008972832
27305.58585985023
27305.69117715777
27305.91358023794
27306.110919824034
27306.62775423898
27307.05604044831
27307.773415658106
27308.704427489654
27310.033542934267
27311.557608525483
27313.582615755564
27315.75887023055
27318.204544824483
27320.51065129388
27322.900277805904
27326.362801789477
27331.57032515621
27334.704921288187
27340.03353089621
27345.417821194133
27351.374647233795
27354.499748838105
27354.521421465768
27354.521421465768
27354.615532313335
27354.615532313335
27354.66031591766
27354.66031591766
27354.694710682954
27354.68336316284
27354.71660095531
27354.78549095508
27354.76303537879
27354.864310825957
27354.865523993754
27354.87368208578
27354.888847631293
27354.888847631293
27354.888847631293
27354.888847631293
END
