14781206976665.408
6527739440364.615
3243978612711.718
2374238168949.28
2374238168949.28
1709322022983.8286
1208870444560.7605
721446636199.117
721446636199.117
721446636199.117
721446636199.117
721446636199.117
721446636199.117
653440503994.8569
653440503994.8569
653440503994.8569
653440503994.8569
515816056225.75134
410657320292.77875
319778742669.28784
319778742669.28784
319778742669.28784
219628363385.47632
215446657649.58484
215446657649.58484
182253526370.32623
175884889031.69446
82000970333.383
82000970333.383
74115605485.55994
74115605485.55994
54043830913.650314
47825031268.139336
37418079502.52611
33780094889.164616
23670508118.906815
22338352556.11383
16345291874.235924
15085387744.971336
14185732238.86967
14185732238.86967
12995456378.564983
11760546685.707933
11710527089.085274
11646891432.856152
11617476352.928867
11616990919.328293
11578616238.962877
11578111293.154606
11536298704.410414
11500908415.961054
11478919042.222605
11476856011.677486
11476856011.677486
11444506882.308403
11444506882.308403
11435805626.260647
11435805626.260647
11424223864.523895
11424223864.523895
11399042241.49899
11365619789.704187
11362054487.058245
11300024361.61394
11260216195.766275
11161321160.954443
11125413255.89972
11108890594.457697
11010194096.806
11008528872.9678
10923210594.866177
10847576308.55626
10798933505.244991
10731026428.386734
10731026428.386734
10699715507.687298
10694207703.982944
10516228325.598598
3310701772.9258056
339710091.32569814
34584804.7690487
0.0
END
