14105065353736.258
5024878234044.022
1932571015945.022
1932571015945.022
1714762915536.1133
1269448582578.5854
1269448582578.5854
1269448582578.5854
1269448582578.5854
990332176887.2579
760825286450.87
760825286450.87
760825286450.87
750787337705.087
750787337705.087
582262728088.2732
582262728088.2732
582262728088.2732
582262728088.2732
582262728088.2732
582262728088.2732
582262728088.2732
582262728088.2732
582262728088.2732
582262728088.2732
491354590099.4045
491354590099.4045
491354590099.4045
441942570153.72034
441942570153.72034
439120581447.7119
439120581447.7119
439120581447.7119
439120581447.7119
439120581447.7119
439120581447.7119
439120581447.7119
439120581447.7119
425496497585.79
404924481030.62354
385899817221.4933
368839497048.9309
368839497048.9309
347695861428.0536
285772601446.9364
188414713244.75012
188414713244.75012
188414713244.75012
140155609173.89355
140155609173.89355
140155609173.89355
103056391745.20248
103056391745.20248
103056391745.20248
103056391745.20248
103056391745.20248
103056391745.20248
68238425747.36932
49549838979.836655
49202571780.499855
42306138568.64232
34835921320.57927
34835921320.57927
34835921320.57927
33561636548.145683
30429890790.704582
29717162150.357162
29717162150.357162
29717162150.357162
29717162150.357162
25583201995.750988
24707285411.98544
24707285411.98544
24558439583.331013
24319663946.887108
23981637300.801235
23304210236.91075
23273580738.136776
22845678577.99045
22708507862.117317
22708507862.117317
22585167953.350407
22427470036.39062
22236323366.71863
22120500885.53485
22070176353.12002
22037857295.111015
22019992182.73391
22003399826.34805
21992083913.88132
21992083913.88132
21984117820.490753
21976416657.690426
21973703638.293476
21960781109.345196
21960371182.946938
21953318029.453743
21944760149.86629
21933628915.55977
21929464309.31763
21921795409.89191
21906188674.300755
21903165096.53069
21903153049.092102
21903153049.092102
21885867577.409576
21884396409.787624
21872545009.40241
21868570554.814827
21866570416.340496
21866570416.340496
21851099770.321693
21842601550.809597
21825941699.04244
21824449692.875366
21811609240.979786
21794284340.20767
21785706784.037693
21781998489.632885
21763864677.95406
21744115998.699154
19685536013.99313
78541003.0075773
559574.0085059829
0.0
END
