263.9587592192831
259.83788000623014
257.0904032228724
257.0904032228724
255.07175992462982
261.98364830630106
261.98364830630106
261.98364830630106
261.98364830630106
264.75759735111143
262.31880079946086
262.31880079946086
262.31880079946086
259.8894900635226
259.8894900635226
262.3796317564364
262.3796317564364
262.3796317564364
262.3796317564364
262.3796317564364
262.3796317564364
262.3796317564364
262.3796317564364
262.3796317564364
262.3796317564364
262.45407691738876
262.45407691738876
262.45407691738876
262.64680058721734
262.64680058721734
262.17507115640893
262.17507115640893
262.17507115640893
262.17507115640893
262.17507115640893
262.17507115640893
262.17507115640893
262.17507115640893
262.2244068284379
261.60896530774977
262.9193239240859
263.60036087397
263.60036087397
263.4607046600242
267.3386391627106
266.71733163650833
266.71733163650833
266.71733163650833
266.1954443634936
266.1954443634936
266.1954443634936
267.6350640523927
267.6350640523927
267.6350640523927
267.6350640523927
267.6350640523927
267.6350640523927
268.80561655195606
268.64024328340497
269.00399745917525
268.04398602575037
268.4174747775901
268.4174747775901
268.4174747775901
268.17460783469255
268.35827193823485
268.44635893437555
268.44635893437555
268.44635893437555
268.44635893437555
267.7870144445274
267.6513089941989
267.6513089941989
267.9353418028132
268.0018684458717
268.22792698080076
268.13818510403325
267.791121148345
267.93858536607155
267.84412575113265
267.84412575113265
267.41915586088305
267.62777958894276
267.1049885375311
267.34394491536847
267.1946223555498
267.298576240261
267.17858766851674
266.9352250692825
267.4366001689032
267.4366001689032
267.604787608931
267.26586411738384
266.870637314027
266.6835762284836
266.8189665869238
266.7434658348383
266.7790035199726
266.899598153073
266.9498157748336
266.8396859437651
266.8455602579993
266.6893592911147
266.6403946303205
266.6403946303205
266.76082291247377
266.79923264065997
266.8674219873466
266.85637620823763
266.7953480404086
266.7953480404086
266.73212654236096
266.71201942478734
266.7657982399652
266.9024875435423
266.63084584352583
266.62551460997923
266.5779566038591
266.55090398545343
266.8003099216061
266.4988551188837
263.8949538981086
263.61799304186184
264.42989741976817
264.46416076269475
END
