24431105680138.855
5982346462732.62
2224039613891.6465
2224039613891.6465
2224039613891.6465
2224039613891.6465
2224039613891.6465
2224039613891.6465
2224039613891.6465
2224039613891.6465
1920533069848.7405
1340401075498.3093
1340401075498.3093
1340401075498.3093
1071496523795.6769
1071496523795.6769
1071496523795.6769
1071496523795.6769
1037102994976.1143
960928166462.8787
960928166462.8787
960928166462.8787
960160235060.1534
864140122421.7737
830712663723.3704
830712663723.3704
830712663723.3704
830712663723.3704
747092677422.8196
724843341839.3488
688496217042.4786
677568485101.5208
514081154137.7712
340923059764.6785
340923059764.6785
340923059764.6785
235110554150.65085
230309673164.60898
192712940624.73605
192712940624.73605
170485080212.56543
155955932902.2834
127199649126.25523
124440719057.47124
109995631205.95215
101209184747.09386
90241058437.95776
78341590659.6864
78096465495.58656
76084528379.15486
68288753395.28616
63440331575.269775
49956740253.36402
46459596391.30215
42948271136.32947
39545322231.141716
39545322231.141716
38569091083.681404
34898460933.50259
33165630996.568306
31612289963.856575
30405615460.40852
30232714912.013226
29605007313.444183
28978395338.70696
28846180642.592808
28637205747.28588
28372152731.85352
28372152731.85352
28240439209.676014
28213866217.9578
27901511765.678974
27783231527.735355
27560096865.86744
27501315075.16501
27429426853.92154
27403284960.257862
27370435257.47836
27328482862.965557
27306405476.04364
27258882679.23318
27228797009.71678
27206513897.954056
27140487859.492836
27103814909.697308
27092549607.086437
27048267790.315575
26974642230.89109
26888283377.44709
26825794845.700146
26753977887.09518
26637691331.595062
26528223734.414192
26437391157.221664
26405112199.375736
26315501745.930264
26197143536.2782
26173959926.91565
26173959926.91565
26150324904.122578
26140349710.831436
26134018374.279045
26092124574.409916
26079417371.965702
26067406441.6618
26046282703.11513
26046282703.11513
26040303674.356575
26039468452.68916
26027814269.861195
26020960453.015007
26013376181.557144
26006868092.132267
25990477464.74095
25984854675.31679
25975836260.84114
25967560532.23972
25960667499.375706
25954021569.23923
25947715365.320698
25943201605.3094
25937958012.444435
25932586936.06014
25928618482.91765
25920946456.46501
25910668644.21531
25895263656.500786
25884701580.600258
25871368948.572926
25856034199.54545
25844127752.3818
25830059885.315598
25808282874.993492
25796817906.563354
19986720099.119286
16455483378.868105
16398084671.249657
16398084671.249657
16398084671.249657
16398084671.249657
16373037088.13502
16351094709.834063
16351094709.834063
16347429382.748964
16347429382.748964
16347429382.748964
16347117021.997118
16346441494.22765
16346441494.22765
16343893046.279842
16343893046.279842
16343893046.279842
16343893046.279842
16343541847.528732
16343541847.528732
16343541847.528732
16343217155.574543
16342865211.829857
16342455820.368021
16342196508.456768
16341785811.673449
16341382228.561508
16340930968.71888
16340284825.541328
16339498233.591703
16338686714.302935
16337971451.870972
16336931562.109346
16335812698.347866
16334967791.549335
16333675116.82591
16332763277.908047
16331773429.135305
16328964852.895557
16327094928.597425
16324829491.643038
16322552802.772396
16319512335.137691
16316982731.64611
16313404514.923794
16308620376.525557
16303602601.152542
16297152086.424002
16293372500.585335
16290285034.309273
16287424940.79637
16283484106.673437
16280581641.505398
16278657062.109594
16274054605.688751
16273528275.814024
16270462209.723425
16269143404.86804
16267397438.850225
16265143739.272663
16260617134.185467
16243119485.815153
16054298944.250227
15657814748.141487
15338056367.542292
14085426257.318352
13255661003.724764
11595299832.097296
9981055093.53405
8179125771.8896265
6583022902.618524
5187226138.2090435
4911736905.34873
4911481307.471745
4911477611.630447
4911469880.460064
4911470466.828247
4911484580.188333
4911466506.220281
4911480553.983857
4911476861.9993925
4911480706.305858
4911470918.7049885
4911465665.885654
4911458366.038698
4911452710.789461
4911457594.763541
4911451902.253975
4911456033.253574
4911454461.494735
4911456370.923757
4911456144.6344
4911460069.27337
4911456157.426834
4911456157.426834
4911456157.426834
4911456157.426834
4911456157.426834
4911459168.996087
4911461330.320324
4911459269.98121
4911455126.483199
4911454806.60686
4911451530.655518
4911452304.57924
4911452304.57924
4911452541.401942
4911452541.401942
4911452541.401942
4911452541.401942
4911451547.263943
4911451547.263943
4911451547.263943
4911451547.263943
4911451547.263943
END
