19188.78383287823
14766.240576025062
14799.205307896877
14799.205307896877
14734.527127171543
13938.909606858797
13938.909606858797
13938.909606858797
13938.909606858797
13938.909606858797
13938.909606858797
13205.103002693266
13341.46295031385
16281.60772921014
16281.60772921014
16281.60772921014
15301.495509369128
15301.495509369128
15214.602369680742
15214.602369680742
15058.195630463662
14378.765611862691
14378.765611862691
15218.133806908958
15218.133806908958
15218.133806908958
15218.133806908958
15218.133806908958
14664.305847914817
14664.305847914817
14664.305847914817
14664.305847914817
14664.305847914817
14326.226210673625
14326.226210673625
14326.226210673625
14326.226210673625
14326.226210673625
14326.226210673625
14326.226210673625
14326.226210673625
14243.22103564032
14233.620796400814
14207.557747897625
14299.361296261253
14299.361296261253
14351.408188345526
14322.301477585755
14244.84636558179
14216.44129530877
14216.44129530877
14216.44129530877
14216.44129530877
14208.40694818136
14214.500309460696
14210.962356328215
14265.503696526699
14250.048810745848
14273.164779996316
14255.872063799097
14259.980705027101
14255.817976691076
14273.611483173496
14275.8080669536
END
