318.2893503658358
314.48986062639835
314.48986062639835
314.48986062639835
314.48986062639835
314.48986062639835
316.1704211710683
316.6788224142487
316.6788224142487
316.6788224142487
316.6788224142487
316.6788224142487
316.6788224142487
316.6788224142487
316.6788224142487
317.4659522078945
315.97685400475456
315.97685400475456
315.97685400475456
315.0559965450839
315.0250587360166
315.0250587360166
320.28671692723424
320.28671692723424
321.2270333106054
321.2270333106054
317.80906819788026
317.80906819788026
319.25922749561255
319.25922749561255
319.25922749561255
319.4395735540078
319.51195613101527
319.51195613101527
319.9038426966365
320.1705549040832
320.1705549040832
320.1705549040832
320.21999393296795
319.26475085032746
319.4091490553656
319.98940793174785
319.5799121159815
319.608554989878
320.1300478721511
320.3558677195333
319.50903659038556
318.78282332049395
319.1838015169406
319.239002597991
319.239002597991
319.73836839480794
319.1330085771263
319.0021834363419
318.6658949419846
318.5203400092949
319.1812177250366
319.2110083730211
319.11164295929484
319.65850868692934
320.22898310013846
320.0042821233523
320.1623295864143
320.2717965441364
320.03764981577285
319.8887154093687
321.3188837531062
320.23932377100067
320.9915840521879
320.9672387566743
321.0480096242996
321.0480096242996
320.1969906121658
320.1969906121658
320.1877633927052
320.05558794326595
320.05084035645314
320.3006652565198
320.24656154594356
320.3825042334309
320.4204050561932
320.64956592699883
320.76358550767253
320.67811525197027
320.92104270362756
320.67643437569177
320.80591150127304
320.7206092880177
320.74489931057445
320.7962435449744
321.13281613270215
321.158564832158
321.1784297817986
321.225749886842
321.2460727941031
321.39272661277766
321.39102106758446
321.24960086776616
321.1758970628857
321.0563917771993
320.9989636287543
320.92625234236084
320.95964313271014
320.9431633953506
320.9310119528041
320.9310119528041
320.9310119528041
320.9310119528041
320.9310119528041
320.94090851511055
320.94090851511055
320.96187461464166
320.96187461464166
320.96187461464166
320.9626728499968
320.9626728499968
320.9600607594945
320.9682727881214
320.9737438325778
320.9737438325778
320.97534202521064
320.97666796883556
320.98096768535305
320.97949082310765
320.99138308536885
320.99199528357065
321.00192749099267
321.00969084372355
321.0183441718742
321.0218836171392
321.0306591684519
321.0320635751251
321.0366231906872
321.049232918569
321.0593555757096
321.0661870563921
321.09434864228444
321.10833786613085
321.08731267870934
321.06708747020417
321.0193317460327
320.9614809616555
320.9366933476664
320.9373787539205
320.9373787539205
320.9293588106257
320.9293588106257
320.9288242413337
320.9288242413337
320.93166667176695
320.9294758691819
320.9294758691819
320.9294758691819
320.9306251190493
320.93019451332844
320.93003928978453
320.9310180568831
320.93219929738575
320.93200027285036
320.93219910152635
320.93430747272123
320.93616153227657
320.9389271079682
320.9377617035349
320.93787911702435
320.9389831922798
320.93948780017394
320.941005000183
320.9420218075472
320.9426021973258
320.94352713849395
320.94584029381946
320.9488453671133
320.9503219401795
320.9509060979805
320.9450982017511
320.93293202775584
320.9324437605896
320.9518024576531
320.9477564981795
320.96119811159696
320.985006900074
321.00836101891474
321.00836101891474
321.0085500785284
321.0093913103864
321.0093913103864
321.00976132321387
321.0094244497595
321.0097048890156
321.0097048890156
321.00858517012955
321.00858517012955
321.009759715517
321.009759715517
321.0091817149371
321.0094406829153
321.0098102363482
321.0095970998533
321.010212703305
321.0106910442728
321.01025615878484
321.0104083079616
321.00991181138824
321.01040594581815
321.00996087746114
321.01085409849503
321.0094662854292
321.00811778225994
321.0076465863315
321.00758106422774
321.007388955568
321.0047127663678
321.0034088499667
321.0003579024405
320.99741579933027
320.9912768497809
320.98556588318297
320.9758990248705
320.9655083783792
320.9473942487909
320.93246215698906
320.91345622557003
320.8975602808522
320.8798644860377
320.8562002437797
320.82646142997504
320.8039327931232
320.7657973675585
320.73716337087853
320.72166262547165
320.72304788090116
320.7229286445089
320.7229286445089
320.72320171702165
320.72320171702165
320.72318447710046
320.72318447710046
320.721953533553
320.723193004218
320.72363455790315
320.7229496283389
320.7237117227023
320.723535418672
320.723523090752
320.72402924572106
320.7238285261798
320.7238285261798
320.7238285261798
320.7238285261798
END
