28391.165818861176
15662.085390667697
17225.97889984295
20730.516231791084
20730.516231791084
14463.065573895037
17815.77412412624
16055.044933194033
16055.044933194033
16055.044933194033
16055.044933194033
16055.044933194033
16055.044933194033
16059.796291344235
16059.796291344235
16059.796291344235
16059.796291344235
16320.36967989273
16296.956727837383
17785.22185355539
17785.22185355539
17785.22185355539
17025.92213669691
16955.721296197116
16955.721296197116
17136.472077205668
17774.07231322186
17659.744767296346
17659.744767296346
17465.676176380322
17465.676176380322
17386.284068013294
17495.715570277593
17285.758976592522
17402.016142731627
17317.378481199587
17413.30588920945
17304.75942996262
17421.70014879392
17337.91796782717
17337.91796782717
17272.916623408957
17281.37932049149
17369.061025375224
17290.50532735434
17302.248610261853
17290.16261634315
17384.235801439427
17396.241318355405
17620.47462116505
17724.2031521047
17244.043105829296
17649.912140905
17649.912140905
17685.630542154307
17685.630542154307
17480.927239979548
17480.927239979548
17198.49303812893
17198.49303812893
17181.099604887313
17079.32918261859
17153.6726183872
17251.821660041496
17730.04897919457
17747.777603718445
17189.1199180588
17328.273122509214
16828.870755541433
17016.473650996428
17237.73434480594
16868.969324629426
16904.023723117818
16809.51849431345
16809.51849431345
16954.199777336904
16968.824835292195
17090.03878218231
17065.948584910468
17210.334720905877
17304.710530419165
17334.961121244818
END
