311.82435148683027
294.4238368825032
300.94800513233844
300.94800513233844
300.94800513233844
300.94800513233844
300.94800513233844
300.94800513233844
300.94800513233844
300.94800513233844
295.82277867430236
295.82277867430236
295.82277867430236
295.82277867430236
297.5539193258051
298.28868291720914
298.57622309661735
298.57622309661735
298.57622309661735
300.5500813997406
300.5500813997406
301.6561636829869
301.6561636829869
301.6561636829869
301.6561636829869
301.6561636829869
301.7658065786504
305.836373801898
304.5144522223353
304.5144522223353
304.5144522223353
304.5144522223353
304.5144522223353
304.5144522223353
304.5144522223353
304.5144522223353
304.5144522223353
303.5997841584018
302.87761408466844
304.4378447829432
301.3719102464196
301.3719102464196
301.3719102464196
302.2554203504454
302.8872775099528
302.8872775099528
302.8872775099528
304.0128771088732
304.44273840914514
304.44273840914514
303.93061890238965
304.2364811702979
303.91425616587486
303.91425616587486
303.91425616587486
304.0557201882661
304.0029981083036
303.9389398619994
303.542877701485
303.4972370971234
303.4972370971234
303.34487574689877
303.78401325431474
303.66894246288274
303.9135104718505
303.59973475502704
304.10511111612925
303.40316031675445
303.40316031675445
303.0520787844922
303.04690454927646
302.29174693892634
302.8368803354972
303.4472747353646
303.38096044665514
302.97190531257604
302.8377013340173
303.5745531749511
303.044559551785
303.044559551785
303.044559551785
303.5860509601573
303.5860509601573
303.559570999839
303.559570999839
303.32348472058527
303.4316745894303
303.48604370260364
303.63828329428134
303.55372824395624
303.5681626220934
303.5681626220934
303.4612458519566
303.4015037081625
303.7194115680096
303.57836804132734
303.56565470930894
303.6655560373473
303.5059440950152
END
