29082.103030149134
28150.923964137623
31463.493122106862
31463.493122106862
23174.51581162608
23174.51581162608
23174.51581162608
32327.149259758622
32327.149259758622
32327.149259758622
30542.978928862427
30542.978928862427
30542.978928862427
29365.80621713018
29365.80621713018
31819.828465938
31819.828465938
31819.828465938
26530.604049307305
26530.604049307305
26897.232110891833
26897.232110891833
26897.232110891833
26897.232110891833
26897.232110891833
26897.232110891833
26897.232110891833
26897.232110891833
27287.490502971108
27287.490502971108
27284.49933153508
27284.49933153508
27095.75354631385
27095.75354631385
27319.65990356948
27147.265601082436
27052.144553139442
27089.853523311984
27077.952571231195
26997.250176836933
26993.37577482732
27092.551011227304
27222.254406381107
27342.91221092891
27381.664819577767
27504.33670388996
27346.12061643242
27306.186419425238
27346.30896802537
27331.030608630885
27321.07446799391
27321.07446799391
27318.995189922352
27333.479949442386
27248.05707891255
27431.609258679222
27250.40344178885
27221.238201996417
END
