9738616461109.162
2588567113021.4917
2444281252855.324
2444281252855.324
1758672393842.8513
1758672393842.8513
1758672393842.8513
1526975263285.205
1526975263285.205
1526975263285.205
1055556580615.321
1055556580615.321
1055556580615.321
586504272709.0007
586504272709.0007
531161543318.5244
531161543318.5244
531161543318.5244
356010764271.25006
356010764271.25006
277155277621.0506
277155277621.0506
277155277621.0506
277155277621.0506
277155277621.0506
277155277621.0506
277155277621.0506
277155277621.0506
221232741002.9074
221232741002.9074
198734395215.53275
198734395215.53275
166390833051.0869
166390833051.0869
120067607877.85204
60385962460.068
60347569069.1369
48871199824.9129
36096414728.99212
33310367658.302086
28819182719.244003
21763198831.14454
13330666118.316935
8562117347.806189
7774598769.523951
6694312510.8148575
6486128533.56679
5812408664.698028
4191954633.6952314
2750445236.9151154
1570974651.7319841
1570974651.7319841
1119091713.7439258
1097060980.5526495
629514559.9433906
124084216.34855705
22589877.308012728
0.0
END
