311.5596773150175
307.59626267253935
307.59626267253935
307.59626267253935
307.59626267253935
307.59626267253935
309.1552667338127
309.90129823198447
309.90129823198447
309.90129823198447
309.90129823198447
309.90129823198447
309.90129823198447
309.90129823198447
310.8785919422751
310.8785919422751
312.56028006687404
312.56028006687404
312.56028006687404
314.3316392949135
314.3316392949135
314.3316392949135
314.3316392949135
314.3316392949135
316.17759530571294
316.17759530571294
315.45016259654375
316.8376946096112
317.66181018243105
317.66181018243105
317.66181018243105
316.86937451095685
316.26101955957904
317.2983307626445
312.8577593857849
314.87215935437445
312.4061259301075
315.9138224788224
317.26614409578383
317.26614409578383
317.26614409578383
315.1437347063107
315.41209443043954
315.41209443043954
314.9117418171535
313.9471768485333
313.9471768485333
313.9471768485333
312.6548136347092
312.6548136347092
312.53071807092726
315.10722175535244
315.65648068712295
314.6752450994257
314.6752450994257
314.68205727985753
314.7894937474402
314.6765327408438
314.10896715992004
314.1449135195309
314.60966057589513
313.11738461075225
313.21600881096595
313.21600881096595
313.5098338225427
313.1856845728168
313.1220049443146
312.8943896822005
312.79012264934835
313.21812170459333
312.7820831949079
313.3437657192086
313.2479658323031
313.1035254807659
312.92458604690404
312.90250928080803
312.8391131658346
312.49797260218475
312.38556170951404
312.38556170951404
312.39388590210234
312.2267489508367
312.16424131458024
312.1100614830482
311.87614822309706
311.940382090306
311.68762011049455
311.8179000795679
311.86135936670144
311.8891509381321
312.01491295565063
311.9904186009096
312.1598686406215
312.2342464554805
312.2512210618737
312.31150997169357
312.2580130471018
312.32021443657675
312.14207541971547
312.18944921487866
312.3171296185814
312.2737452506538
312.4296542847589
312.3521364044256
312.4432417848
312.5302783595166
312.390550589237
312.46666904090586
312.54185235635674
312.5190676553538
312.71643909995527
312.8055840075719
312.9056733756093
312.98513428537274
312.972897789673
312.9546221293517
312.9546221293517
312.95215492513034
312.7061873293753
312.88381333851066
312.7326897284693
312.5509400166471
312.5538227635088
312.7957437946656
312.76468225090105
312.7605511227493
312.6722601387471
312.5318959247698
END
