14236726930609.857
5208515100726.121
2191802448719.1943
2191802448719.1943
1969639132891.9763
1446277650818.2856
1446277650818.2856
1446277650818.2856
1446277650818.2856
1446277650818.2856
1446277650818.2856
1272977931489.786
1202732326451.7468
654590179206.1987
654590179206.1987
654590179206.1987
593238534452.2511
593238534452.2511
591215825942.8838
591215825942.8838
493791487384.1825
478892408553.3541
478892408553.3541
393746115151.8574
393746115151.8574
393746115151.8574
393746115151.8574
393746115151.8574
45312248207.2626
45312248207.2626
45312248207.2626
45312248207.2626
45312248207.2626
44104105213.581924
44104105213.581924
44104105213.581924
44104105213.581924
44104105213.581924
44104105213.581924
44104105213.581924
44104105213.581924
38346223811.64191
13655579638.024258
10566612083.655037
6672297042.4055195
6672297042.4055195
3103942892.282103
2962900558.4000907
1458938978.959787
965449729.5310311
965449729.5310311
965449729.5310311
965449729.5310311
893742893.2560716
695047921.2945392
495309367.80760276
364028186.9600126
345038869.51230776
292824622.52089816
203237864.50625366
100480400.6038624
63236020.95529604
14048149.601210335
0.0
END
