14232506164351.658
5859300959386.169
2446441132834.0957
1467835917066.749
855455143642.4263
855455143642.4263
652047498461.5632
652047498461.5632
198123193190.79395
198123193190.79395
105310851689.47134
105310851689.47134
105310851689.47134
105310851689.47134
105310851689.47134
105310851689.47134
83284349217.4997
36345899138.140045
36345899138.140045
36345899138.140045
36345899138.140045
36345899138.140045
34624340647.334785
25667872702.495533
23400388916.907562
23400388916.907562
23352074276.095467
21108173704.8152
14520840020.916199
14520840020.916199
10115431658.527317
10115431658.527317
10115431658.527317
10115431658.527317
10115431658.527317
10115431658.527317
8604271158.819492
2611382273.1724567
1113922738.8670318
1113922738.8670318
452307446.1418302
112619492.77117136
112619492.77117136
0.0
END
