29082.103030149134
28150.923964137623
31463.493122106862
31463.493122106862
34109.88991925974
29746.78824842954
19779.138237845138
23693.317073957598
23693.317073957598
23693.317073957598
23693.317073957598
23693.317073957598
23693.317073957598
20331.46153875903
17556.727376322295
17556.727376322295
17556.727376322295
17556.727376322295
17556.727376322295
18555.324142343008
18555.324142343008
18555.324142343008
18555.324142343008
18555.324142343008
18700.593732585905
18700.593732585905
18700.593732585905
18182.881090309063
18182.881090309063
18182.881090309063
18182.881090309063
18182.881090309063
18182.881090309063
18182.881090309063
18183.20748689591
18176.816226921652
18331.972548589765
18331.910488716876
18331.910488716876
18331.910488716876
18331.910488716876
18331.910488716876
18723.583770089506
18723.583770089506
18614.734467410803
END
