249.41284396888003
245.88531478854654
244.28407575163467
244.28407575163467
242.37686284471704
242.37686284471704
242.95100227965125
245.42286532785556
245.42286532785556
245.42286532785556
245.42286532785556
245.8736352497827
247.45548989163478
247.45548989163478
247.45548989163478
247.45548989163478
247.45548989163478
247.45548989163478
249.72967279074282
249.72967279074282
249.72967279074282
248.3328195152546
248.3328195152546
248.3328195152546
248.3328195152546
248.3328195152546
249.85412816071008
249.85412816071008
247.55048724465524
247.2828058156368
246.5755117847529
END
