9387620962306.49
2001875000162.332
1861264284163.2393
1861264284163.2393
1363101619430.4219
1240069235792.71
866071923105.9283
685925021946.6536
685925021946.6536
685925021946.6536
685925021946.6536
685925021946.6536
685925021946.6536
678480608200.1547
404193865113.8022
404193865113.8022
404193865113.8022
404193865113.8022
404193865113.8022
204405244081.82178
204405244081.82178
204405244081.82178
204405244081.82178
204405244081.82178
153857042861.44458
153857042861.44458
153857042861.44458
42589140451.267166
42589140451.267166
42589140451.267166
42589140451.267166
42589140451.267166
42589140451.267166
42589140451.267166
25806380555.42777
23565642670.38506
18004218727.102173
5517365574.294241
5517365574.294241
5517365574.294241
5517365574.294241
5517365574.294241
4244095279.2487245
4244095279.2487245
0.0
END
