255.56336274332074
256.01691328791065
254.96619301402126
254.96619301402126
247.0135481756802
245.43426921299138
253.4548068163187
260.96100331125524
260.96100331125524
260.96100331125524
260.96100331125524
260.96100331125524
260.96100331125524
262.09753945125567
260.23451817499983
260.23451817499983
260.23451817499983
260.23451817499983
260.23451817499983
266.0569325187706
266.0569325187706
266.0569325187706
266.0569325187706
266.0569325187706
265.06671795922335
265.06671795922335
265.06671795922335
262.45720593883124
262.45720593883124
262.45720593883124
262.45720593883124
262.45720593883124
262.45720593883124
262.45720593883124
261.7172272218303
262.14909507928957
263.59863187258037
267.29501565935084
267.29501565935084
267.29501565935084
267.29501565935084
267.29501565935084
264.5719865623309
264.5719865623309
264.7064859252399
END
