13811780702785.014
4767420789263.005
1384929290732.1748
1384929290732.1748
1251933730786.9844
1251933730786.9844
592506797220.5675
173060359943.43036
173060359943.43036
173060359943.43036
173060359943.43036
136065165588.76173
81347780510.92279
81347780510.92279
81347780510.92279
81347780510.92279
81347780510.92279
81347780510.92279
23832336263.247005
23832336263.247005
23832336263.247005
1275681125.5978477
1275681125.5978477
1275681125.5978477
1275681125.5978477
1275681125.5978477
942287128.8910784
942287128.8910784
387336133.97010106
152459601.90853256
0.0
END
