25101.626465846588
16947.668714459185
28286.045071075747
28286.045071075747
28286.045071075747
28286.045071075747
28286.045071075747
28286.045071075747
28286.045071075747
28286.045071075747
29322.5457428993
28617.14216323878
28617.14216323878
28617.14216323878
27618.913305618837
27618.913305618837
28051.547904270847
28051.547904270847
27276.848533068376
27267.031789635636
27105.189377275696
27105.189377275696
28291.286584128513
28291.286584128513
27899.88829324098
28081.185294704366
28118.07362031051
28118.07362031051
28289.403544564884
28289.403544564884
28252.89922004198
28413.76077242149
28413.76077242149
26872.337327436067
26872.337327436067
26872.337327436067
27255.371521532412
27021.128790671162
26707.594189886164
26618.60499551003
27179.577889901513
27142.159591937598
27331.355745258024
27331.355745258024
27501.464190776293
27303.75041033546
27283.5832826168
26750.922856119192
26750.922856119192
26635.229976940413
26928.789247336405
27120.013072662936
26873.098578202662
27143.5846024622
27048.498098926568
27048.498098926568
26991.11379643781
26887.769724834845
26961.11201605785
26878.398960809463
26827.924819334243
26880.556851936217
26871.585714068948
26904.582412489992
26880.67814804471
26898.727648384855
26886.68667244769
26856.838755327626
26847.55459204112
26803.190847150254
26766.139581219417
26725.086736856905
26712.395722564524
26782.639544624333
26758.230989110518
26765.244989652747
26761.390614444706
27030.96936728042
26966.34351999875
26960.660621718525
26996.662651180675
26996.662651180675
26961.748246761996
26978.611922586853
26978.611922586853
26982.177773819603
26964.698408294622
26981.958479065
26954.287381058493
26973.089824388142
26959.815879087633
26929.017172574462
26925.380837318226
26914.291567168824
26928.898812173386
26921.97516788505
26933.241112287455
26944.162061178005
26944.162061178005
26928.040072560114
26928.040072560114
26916.57282037146
26910.14121738651
26922.073128816897
26905.193086544452
26898.335429593375
26862.395819854697
26875.212969659377
26855.206241295906
26884.458874096574
26866.67649866429
26869.57537740711
26871.03009816345
26863.726967485967
26867.033548250292
26862.82809904305
26865.0892260613
26865.0892260613
26869.514870524123
26859.031157510988
26850.03572323428
26858.698038585724
26859.365009436813
26858.335489968886
26858.335489968886
26858.092269413268
26858.6683676541
26852.491481095258
26868.14157251275
26877.068892127296
26881.386224131253
26897.775758067513
26897.775758067513
26865.077816663616
26837.28629936456
26837.28629936456
26887.315752063645
26854.384936279956
26883.284429629748
26883.438902167396
26872.300374242044
26880.853945782786
26854.63827361302
26860.4814443786
26851.49354782634
26849.20809109464
26854.78211673937
26831.80817822765
26831.80817822765
26830.560977117297
26830.733604943736
26857.50400513073
26864.706196549407
26882.877623681394
26902.991077638748
26920.009113217475
26941.560250586757
26964.970374492008
26987.814610706206
27010.679845867526
27024.725942785757
27035.94714795518
27072.811686775436
27085.419769851425
27106.666299202527
27104.977905805747
27123.479539622083
27125.889185219035
27125.889185219035
27125.774548303605
27125.774548303605
27126.24683515839
27155.487188405823
27208.379613170564
27247.084242691642
27272.795305450105
27291.04507602287
27293.538488275422
27320.57749580944
27352.456287722744
27377.436588393484
27384.551584303
27443.55510613072
27494.779364164424
27530.904382393503
27623.97543846387
27741.547335539224
27831.11330751341
27986.130716343927
28058.010768401833
28203.069391991885
28288.91196190767
28498.317572703418
28836.686530280458
29121.280847355443
29558.058445067738
29884.68478173256
29898.762023204432
29895.74794748838
29895.74794748838
29895.74794748838
29902.983730539345
29905.19486415374
29908.1654274673
29908.1654274673
29908.1654274673
29908.828972745065
29910.121567884526
29910.52948806667
29912.653714119384
29912.653714119384
29912.653714119384
29912.653714119384
29913.644566078983
29916.025966748108
29918.208130849795
29921.17957161105
29924.701568953442
29927.45772966178
29930.239731421694
29932.219842372986
29933.315378667336
29934.704773918325
29937.08465761821
29940.138477781467
29939.96428038252
29940.08285639342
29940.45014142767
29942.58566131413
29945.359953349423
29948.599826418573
29953.242516003917
29958.15063120558
29964.327136038384
29974.479874222714
29986.626052573276
29997.60682323153
30020.341511105908
30035.02544596642
30070.620518619984
30099.784141843833
30125.992564887623
30168.851142443506
30230.266103350536
30306.923120978114
30381.794428498673
30479.29064798916
30586.181255505806
30740.0305618079
30878.111221775926
END
