234.13585851545872
226.3560288625447
222.11022179284046
221.67961722187238
228.52650285719147
228.52650285719147
228.72343608881934
228.72343608881934
232.18284088434586
232.18284088434586
234.667955375454
234.667955375454
234.667955375454
234.667955375454
234.667955375454
234.667955375454
235.88403137045805
234.4100159979671
234.4100159979671
234.4100159979671
234.4100159979671
234.4100159979671
234.08526257307844
235.8300394206904
234.83551029891262
234.83551029891262
236.8194273888844
233.61676099618938
235.60260197129247
235.60260197129247
235.88963499186093
235.88963499186093
235.88963499186093
235.88963499186093
235.88963499186093
235.88963499186093
236.1405011374574
234.9625779221166
235.8710328124253
235.8710328124253
233.7969324463283
234.21124486755173
234.21124486755173
234.75415382812216
END
