288.38453980389926
272.8257607553057
279.1985971847255
279.1985971847255
279.1985971847255
279.1985971847255
279.1985971847255
279.1985971847255
279.1985971847255
279.1985971847255
275.34853108030916
276.05131130753625
276.05131130753625
276.05131130753625
275.64556242940625
275.64556242940625
278.1188482238816
278.1188482238816
278.1666215402828
275.03281818030234
274.5942833907224
274.5942833907224
279.3947797466179
279.3947797466179
278.79111982291823
278.0722931256259
275.6492904835773
275.6492904835773
277.2885075611568
277.2885075611568
279.1901546630516
279.1652370797664
279.1652370797664
278.30204323160376
278.30204323160376
278.30204323160376
279.1382755480339
279.48792907790016
279.5129693802592
277.92117976315086
279.3418417985257
277.8659124368703
276.34806376683275
276.34806376683275
277.24322809570265
276.5682344452164
277.3189552460829
278.19047546296366
278.19047546296366
277.82613953550276
275.81149987983696
275.3743466494347
276.22081863509624
275.72472137224963
275.6773519575645
275.6773519575645
275.20655866905855
275.2650568245948
276.7309574482966
276.08565419765085
276.2419511320323
276.12530209721155
276.15180496581047
276.42232438656
276.308873967637
276.38822799096704
276.46695280399507
277.10409034756975
276.9294089059313
277.43800399664195
277.2613864452238
277.23458260490236
276.9794652154427
277.22580625420323
277.03292204722214
277.1369192183387
277.02914763437997
277.5728697125269
277.2464574440952
276.9932593113137
277.1910731905482
277.1910731905482
277.4973004796652
277.38307865957245
277.38307865957245
277.5164801663756
277.40152147116186
277.28596369021534
277.5198711486593
277.5177555834293
277.41619028667037
277.455739725124
277.3515331171139
277.5404148746615
277.4079620870665
277.52365954595507
277.5079088420765
277.5738098651522
277.5738098651522
277.6044768170879
277.6044768170879
277.54587654629364
277.4197535546812
277.4084391864893
277.2660555164687
277.0933135516133
277.1424557866129
277.1252690325429
277.0814265897176
277.2067386878372
276.9438790600905
276.931785974275
276.9230204803087
276.73839771138734
276.7334120495205
276.66873155465703
276.68108405521235
276.68108405521235
276.77160651766485
276.76141664056166
276.6446191535017
276.66416840239907
276.58855391316115
276.69155299481383
276.69155299481383
276.48798600704254
276.4859696045425
276.46910680880586
276.5027260828498
276.25474461487437
276.2049119713327
276.1333408228238
276.1333408228238
276.3467528877027
276.5679443943936
276.5679443943936
276.6842243075466
276.76706701769893
277.0249705965299
276.9108995767147
276.649349635251
276.6679530005002
276.7828498259105
276.8397434517958
277.0304699279568
276.8905339962402
276.73645982094206
276.863070260339
276.863070260339
276.7654548589723
276.988018048029
276.63940881021875
276.7310813659164
276.5366122813315
276.65503008870985
276.78777640912597
276.82501587672715
276.8827591397801
276.8787222775604
277.01706143016145
277.11706820814516
277.35054154143035
277.6663061698574
277.8131447201105
278.1435090938306
278.2403655577283
278.4750354127904
278.52064590255907
278.52064590255907
278.5115145742314
278.5115145742314
278.54099306633265
279.0844999938958
278.93958286725086
278.3829190624043
278.9121285619995
278.94953697621855
279.12776487106606
279.03068424510326
279.28662760798915
279.00906782194096
278.9416976141403
279.2767392985234
279.57597140023415
280.50348336681225
280.4809845787332
280.74773835591884
280.88015737591076
280.50975594661037
280.7289005195657
280.6314716471212
280.5420694752884
280.6529810124809
280.44134224047116
280.45836701125586
280.3698122149309
280.3889201537135
280.3971222216666
280.45972752665557
280.45972752665557
280.45972752665557
280.4196630338833
280.42822022527105
280.428133192821
280.428133192821
280.428133192821
280.4394340750645
280.44138038140375
280.3866484700769
280.3832701836701
280.3832701836701
280.3832701836701
280.3832701836701
280.40184767962916
280.4254578201974
280.439654046978
280.4530164638989
280.45960442470033
280.46988313169226
280.47640337418363
280.4760956910853
280.4817842708307
280.46234878256087
280.48728706921855
280.48481835367886
280.4696103352932
280.46859339796265
280.4703575756879
280.4663119352232
280.47684375080615
280.47641041934844
280.475884195305
280.47439550670055
280.4767382143438
280.48055925768483
280.4836444193685
280.4885146987654
280.48777369681426
280.48256117207353
280.4853466443568
280.4802233869022
280.47974310100693
280.4815774476369
280.48184915823146
280.48212865762406
280.48543505028624
280.49129988784983
280.4905987395818
280.494245235772
280.4926741772275
END
