24227308059068.527
5183036067866.047
1493049668677.8901
1493049668677.8901
1493049668677.8901
1493049668677.8901
1493049668677.8901
1493049668677.8901
1493049668677.8901
1493049668677.8901
1162481160376.2148
681323463056.1251
681323463056.1251
681323463056.1251
624145330910.9034
624145330910.9034
545919661164.4109
545919661164.4109
435605168687.4175
408768695617.3317
398804452327.31995
398804452327.31995
377653547262.7317
377653547262.7317
291625380232.4872
277928214645.65106
250187030258.88916
250187030258.88916
203789921405.8743
203789921405.8743
165137751293.27747
163072787653.47858
163072787653.47858
113325543690.85411
113325543690.85411
113325543690.85411
92260902245.73181
77109478424.43292
76615622992.3068
68382485568.66044
58006588995.94347
51711379342.97603
37678679562.98078
37678679562.98078
34889727323.9374
32210855107.538277
31526900476.32775
28108004928.154327
28108004928.154327
25593803218.049805
22805311108.636177
21209855382.941944
20408192224.936604
19303606319.936646
18295904802.516254
18295904802.516254
17105544224.429708
16253078757.383348
14590753525.223251
14156079753.411245
13446375349.225891
12702732196.726133
12488624575.557255
12146254150.092203
11912423696.264988
11713732861.4841
11391637483.75869
11343526516.688774
11239642615.781769
11198805490.992342
11110307426.767725
11058262804.371227
11014335675.710394
10967942431.14992
10829610963.040922
10796686215.15643
10680809607.93731
7545901009.3268385
5318785305.483814
4975915337.726996
4841262002.203612
4841262002.203612
4794611741.416197
4700157117.396686
4700157117.396686
4679967731.77365
4591306440.85366
4575473248.9582615
4509119731.462635
4490262512.1446295
4476400443.305128
4468665171.312315
4461059954.74067
4459158392.709294
4458067044.895257
4456145449.081084
4454759600.197053
4452480143.283129
4452480143.283129
4451880120.60338
4451880120.60338
4451457735.000767
4451172688.332878
4451086634.076814
4450049641.960909
4449045671.984421
4446851289.675108
4443889443.370602
4441017101.085769
4438589882.720625
4436802184.817717
4432929404.744217
4431156753.707039
4427592569.633856
4427423865.0980015
4426557782.372346
4426203022.099542
4426203022.099542
4425474100.9341345
4424406315.654842
4423555444.307519
4419830214.821656
4417279078.9112
4415129126.380713
4415129126.380713
4408199375.202954
4407333921.8366785
4402227787.99768
4394146447.838517
4385702403.653467
4382100999.738241
4377640288.565065
4377640288.565065
4372624279.179797
4372069859.065469
4372069859.065469
4365875171.237421
4356384050.738223
4318369850.478455
4242640534.9140854
3507484713.920414
3120099040.1093073
2739564181.0528593
2328962483.117229
1787259790.130596
587224074.1637677
174871161.1992774
53512272.15057339
53512272.15057339
52623317.84191404
52618618.6292868
52555462.12872521
52506609.33795701
52514723.58349707
52472413.73877835
52488195.269536205
52460564.04097367
52477815.42622577
52464637.13112641
52483538.216788806
52505765.012741
52533256.91012272
52549801.05339522
52547377.736019395
52550336.71856734
52494404.07599713
52495827.78037469
52484355.683307044
52484355.683307044
52481574.01215473
52481574.01215473
52482401.72748037
52548895.12975022
52516475.92695061
52508135.872285716
52516993.35376639
52518267.47128047
52509450.368586645
52502345.24507609
52561222.65534466
52574659.025179274
52551785.681841396
52642992.41984673
52608653.59438761
52461108.571359195
52473050.81605807
52458845.20964846
52461845.29140775
52524967.22817308
52471715.15000084
52470495.26942688
52469300.69469458
52470371.70393922
52495067.19384905
52527664.23036344
52562733.47586295
52532776.80395872
52495061.890985474
52471922.67635367
52471922.67635367
52471922.67635367
52464145.907497495
52459275.88410049
52464638.99899581
52464638.99899581
52464638.99899581
52464209.6219625
52465470.21676762
52458693.09543296
52465377.993078366
52465377.993078366
52465377.993078366
52465377.993078366
52462831.332473025
52464121.28377417
52461258.62883224
52458683.92215711
52460838.846590005
52458749.552312054
52458902.493192405
52458835.596059114
52459158.41278104
52459618.91773183
52458602.1963666
52461010.431963675
52459529.98168279
52458563.44185602
52458887.42558406
52458834.374228895
52459720.94902298
52459237.34040338
52458791.24479306
52459167.78387607
52459373.4770052
52462028.82528008
52464337.96360119
52466897.166370034
52466417.204058655
52466996.226995885
52472147.35087831
52485704.335224606
52486872.206043534
52469473.5986135
52462275.61434088
52470278.67371626
52470557.75897368
52476121.37659352
52479942.69369288
52482488.99699548
52475563.21579499
END
