19188.78383287823
14766.240576025062
14799.205307896877
14799.205307896877
14734.527127171543
14734.527127171543
16204.935419011574
18964.758045559694
18964.758045559694
18964.758045559694
18964.758045559694
18595.95469663336
16824.85912441776
16824.85912441776
16824.85912441776
16824.85912441776
16824.85912441776
16824.85912441776
17759.096626210136
17759.096626210136
17759.096626210136
17490.618888010664
17490.618888010664
17490.618888010664
17490.618888010664
17490.618888010664
17172.48012012217
17172.48012012217
17416.267120945922
17621.66338015592
16628.431754717225
END
