28391.165818861176
15662.085390667697
17225.97889984295
20730.516231791084
17404.691862571693
17404.691862571693
20434.160600019866
20434.160600019866
18476.37707953918
18476.37707953918
17650.100517834926
17650.100517834926
17650.100517834926
17650.100517834926
17650.100517834926
17650.100517834926
17636.489846136414
18184.244054184535
18184.244054184535
18184.244054184535
18184.244054184535
18184.244054184535
17345.013629217538
17280.1241549194
17424.670600615187
17424.670600615187
17823.84733217583
17882.103472046776
17896.767982339556
17896.767982339556
17950.47092311392
17950.47092311392
17950.47092311392
17950.47092311392
17950.47092311392
17950.47092311392
18040.779585631877
18128.0089342587
18088.452035209764
18088.452035209764
17903.108311306874
17533.865178394266
17533.865178394266
17753.14741270159
END
