9944261869233.535
4068496349672.8926
4068496349672.8926
3222983754264.488
3222983754264.488
3222983754264.488
2479302549518.7437
1145336924611.6597
1145336924611.6597
1145336924611.6597
1145336924611.6597
1145336924611.6597
1038376597309.3813
1038376597309.3813
832536513663.1125
683089845824.5017
683089845824.5017
683089845824.5017
499193646993.5
499193646993.5
462242935308.04175
440044302806.8176
404565312985.99426
404565312985.99426
279183389733.65717
279183389733.65717
234777378220.96198
234777378220.96198
225329518211.607
225329518211.607
225329518211.607
225329518211.607
218599401757.5044
218599401757.5044
218599401757.5044
189340801926.67838
139690110917.14612
112567860393.57646
97805025262.82631
90191556832.65808
90191556832.65808
88728710760.28732
88728710760.28732
77632816569.39262
48475267013.93118
28789157667.70818
28789157667.70818
28377804916.823124
27464058522.22926
24496118919.8203
24325378342.299335
23791300744.20611
22247170410.90926
20526538288.21451
17653207293.03853
16976562225.195644
16976562225.195644
16976562225.195644
16976562225.195644
16719495819.470366
16719495819.470366
16719495819.470366
16563078909.654116
16144943208.5453
15962372757.151577
15771165818.838146
15746274004.897182
15737589384.020521
15728860350.65481
15722752162.1219
15716674206.843243
15707255484.776573
15706739289.044264
15686412856.403425
15676490970.37174
15673803089.851665
15668401551.970718
15665509167.499992
15663597066.918316
15661467700.592615
15660228870.599203
15660228870.599203
15660228870.599203
15660228870.599203
15659929550.693403
15659658688.835274
15659658688.835274
15659582261.62132
15659519681.64725
15659519681.64725
15659482973.203718
15659482138.175962
15659431995.635895
15659341893.320484
15659325618.842506
15659283184.086002
15659166922.568552
15659120646.97306
15659062577.277231
15658972836.63655
15658835109.830942
15658717083.01052
15658613664.738934
15658513651.20028
15658444824.854599
15658099308.576637
15657853088.018768
15657614533.299992
15657287469.846956
15657147646.293047
15656965405.354094
15656717713.907732
15656259518.886436
15655795916.15113
15655188542.178465
15654548829.389324
15654077930.417007
15654077930.417007
15653896612.128187
15653896612.128187
15653453790.392048
15653195727.366518
15652617896.732483
15651460225.259418
15651132872.732695
15650490414.543606
15650490414.543606
15649555793.692528
15649555793.692528
15648144754.806398
15647590738.383106
15647373094.562126
15647151073.113462
15646626249.692627
15646626249.692627
15646351911.866783
15645986961.79461
15645772828.036411
15645592437.09713
15644580214.305754
15643398905.157553
15642693485.72397
15642649195.950022
15642410322.93123
15641169615.976793
15639808568.237164
15638657844.934076
15637755757.045671
15633686156.30018
15632832024.422855
15632832024.422855
15631299036.991255
15627904327.244106
15625534590.468199
15623153909.685177
15623153909.685177
15622018125.273024
15622018125.273024
15617363636.827768
15617299037.759644
15599906300.325508
15590567106.193653
15585971787.306648
15583675371.009893
15488309158.031475
13664871289.34721
13136997574.752613
11781479397.742418
10316614457.47041
9044434123.033882
8045645242.499985
5810454765.689113
5550698493.294081
5110439591.93084
4497209059.082269
3681090817.000469
3673217527.469576
1955396721.260843
1955311413.0792098
1955311413.0792098
1955306148.0411654
1955299319.0944633
1955299503.845595
1955299503.845595
1955299503.845595
1955299503.845595
1955296567.7916694
1955296482.976515
1955296482.976515
1955296482.976515
1955296482.976515
1955296580.2211072
1955296051.6072476
1955296251.1001933
1955296251.1001933
1955296324.57752
1955296305.1116521
1955296310.1162896
1955296483.8227408
1955296211.7934136
1955296521.3416553
1955296056.2717834
1955296157.9606013
1955296048.246985
1955296092.3236437
1955296232.7740586
1955296196.5053608
1955298199.2299871
1955296091.3860593
1955296096.631443
1955296074.7998693
1955296301.3315122
1955296181.2033243
1955296181.2033243
1955296232.1207657
1955296286.1411479
1955296341.2295506
1955296372.1504126
1955296399.2757416
1955296371.754049
1955296388.087377
1955296388.087377
1955296342.1301663
1955296323.293242
1955296420.0311656
1955296351.1670763
1955296301.4653356
1955296324.8876774
1955296286.2559295
1955296324.8680122
1955296297.9560995
1955296279.3284016
1955296167.419043
1955296102.963119
1955296051.9771082
1955296032.7718186
1955296014.0579786
1955295998.2152684
1955296003.7974787
1955296011.3537185
1955296074.4659033
1955296078.858493
1955296064.8603396
1955296071.858753
1955296085.231555
1955296088.9877748
1955296054.803588
1955296046.4563856
1955296058.5595443
1955296060.4854739
END
