19165.76320293177
21901.921862835916
21901.921862835916
19828.128791702282
19828.128791702282
19828.128791702282
19066.342163621215
18609.90981851911
18609.90981851911
18609.90981851911
18609.90981851911
18609.90981851911
18578.829465832794
18578.829465832794
18560.81452921155
17415.76238113905
17415.76238113905
17415.76238113905
17493.223332095855
17493.223332095855
17381.803292579425
17340.008437228276
19273.511328332974
19273.511328332974
19414.781845615402
19414.781845615402
22065.751031895194
22065.751031895194
23852.522166847906
23852.522166847906
23852.522166847906
23852.522166847906
22298.761820085165
22298.761820085165
22298.761820085165
22104.38364526627
22161.48245749208
22212.87426588081
22420.472891478417
22455.425139353298
22455.425139353298
22430.29068161094
22430.29068161094
22553.41440810892
21949.84148770303
22291.98105704534
22291.98105704534
21903.365265515975
21795.051237147192
22149.87182787724
22344.28849554185
22398.294774618964
22363.708415868292
22184.882361184722
22264.33934973646
21922.838936936012
21922.838936936012
21922.838936936012
21922.838936936012
22512.525032896658
22512.525032896658
22512.525032896658
22499.371498967288
22301.2662027218
22313.149514090946
22327.751379461013
22345.715998405816
22333.378466832623
22347.791275272684
22327.24736025405
22333.741515857313
22233.19348890766
22272.99747610901
22304.54713783842
22298.223479063767
22308.940644877977
22370.442150525112
22371.983387332577
22341.026946049977
22405.818907991088
22379.267350323033
22379.267350323033
22379.267350323033
22379.267350323033
22449.737522834956
22386.017568966847
22386.017568966847
22383.011122857224
22387.59656204478
22387.59656204478
22390.155567506645
22402.45725831171
22435.134218511706
22412.18909133515
22410.83931219761
22428.63516118291
22417.218943132888
22428.72835430006
22398.037906047313
22401.44623286753
22402.59391512654
22399.547940957134
22401.363448496355
22405.387177582772
22407.95321552187
22420.6803063226
22420.67598226796
22413.355490524937
22420.524467180643
22423.876978731198
22427.052693461363
22434.623509815203
22439.99110819338
22444.805917931815
22431.264571432475
22439.910983575377
22436.01688428159
22436.01688428159
22435.337479679747
22435.337479679747
22429.408574903675
22424.797831816177
22426.89576680396
22413.98214224674
22405.99494321434
22404.96769110617
22404.96769110617
22399.384926756342
22399.384926756342
22394.264541318367
22392.836145145877
22392.126463464574
22424.685132487335
22380.3502119847
22380.3502119847
22362.68546274353
22374.253994129096
22359.372457324134
22396.479024771703
22387.73051621031
22410.795151327042
22390.03703889357
22374.932278345364
22309.161363187683
22383.910042515374
22256.965503150008
22244.789247586254
22397.58594466454
22353.811671996904
22399.271424532795
22399.271424532795
22420.10918297834
22300.56185136125
22316.640664534443
22298.607946123484
22298.607946123484
22319.646413438248
22319.646413438248
22493.76690326589
22435.036266546653
22578.657324090047
22622.886219930966
22645.027477248947
22656.1047062674
22546.71703033495
22646.15396004697
22689.01204110616
22508.588366171505
22425.794602937855
22368.908068054436
22323.88767609553
22657.03127271088
22625.532245158538
22504.171171261754
22563.80788666661
22582.115602328042
22475.968714972652
22501.351706233385
22463.974139086786
22463.974139086786
22523.97835007128
22558.40258756701
22700.16669933011
22700.16669933011
22700.16669933011
22700.16669933011
22706.8846636243
22725.55106304434
22725.55106304434
22725.55106304434
22725.55106304434
22732.91682356526
22745.604697055223
22761.84037678375
22761.84037678375
22768.1613417007
22772.240194468613
22805.786566192626
22819.58804679459
22833.68490669562
22842.324728075277
22850.54458659707
22860.68654885066
22865.809409900252
22877.845575192743
22888.973354437585
22896.65083244075
22932.700113820396
22952.02128503535
22982.45767124966
23030.5598682084
23077.551905030785
23077.088177177775
23077.088177177775
23077.346633287958
23081.8580508312
23085.818743044467
23083.897575062074
23086.94901043126
23089.812804323723
23090.523330201853
23090.523330201853
23089.998985811857
23091.094075791727
23092.61459573679
23091.967814105148
23094.479209077042
23096.03157825113
23094.71617433642
23095.318088451633
23095.27431954207
23095.41180784511
23095.136314780826
23095.427754751665
23095.367506672424
23095.656184825435
23095.988457411582
23096.73306860606
23097.123371494014
23098.065752943417
23099.554712542384
23101.483260983958
23103.70669652684
23105.06754444017
23107.359511752547
23109.135185094772
23111.60569060087
23115.753345342095
23119.713417796924
23126.2430068613
END
