17205.199479409173
23614.4903511824
22338.57927142836
13109.28577055117
15631.969512500988
15631.969512500988
15631.969512500988
14794.25046049392
14794.25046049392
16026.308744493805
16026.308744493805
16026.308744493805
16026.308744493805
13107.060316566469
13107.060316566469
12817.980043262743
12817.980043262743
12817.980043262743
12817.980043262743
12784.776896224128
12842.885975345926
12842.885975345926
12895.016968698288
12947.02626138206
12947.02626138206
12901.703330640876
12901.703330640876
12901.703330640876
12772.160823334783
12917.051382985606
12917.051382985606
12917.051382985606
13436.13269594274
13436.13269594274
13264.406232374491
13356.51674265422
13356.51674265422
13356.51674265422
13338.091605869718
12857.236289482691
13118.888922008082
13118.888922008082
13092.988332684567
12921.546181686179
12921.546181686179
12921.546181686179
12921.546181686179
12872.868905590627
12830.695082299277
12813.19812414785
12813.19812414785
12771.163880225382
12771.163880225382
12771.163880225382
12771.163880225382
12775.52773913493
12801.163442598721
12745.418455383997
12745.418455383997
12827.65401843351
12882.952891243829
12812.684413184494
12828.634516356102
12828.634516356102
12898.60997907479
END
