270.2667599038538
260.4882168186447
269.0965989659463
264.6134853118168
268.7304027529765
268.7304027529765
268.7304027529765
267.82406237984327
267.82406237984327
265.814736226106
265.814736226106
265.814736226106
265.814736226106
262.9189550842724
262.9189550842724
265.64617283971677
265.64617283971677
265.64617283971677
265.64617283971677
265.0390405400053
264.4825837320277
264.4825837320277
265.08656308270804
264.9524434044154
264.9524434044154
266.5222952399068
266.5222952399068
266.5222952399068
266.9786643784745
268.56160835917836
268.56160835917836
268.56160835917836
268.1032425757504
268.1032425757504
268.25064063373816
269.3009141647911
269.3009141647911
269.3009141647911
269.1034225967779
266.35096100263087
267.5694830287567
267.5694830287567
268.38688164106964
267.155297461564
267.155297461564
267.155297461564
267.155297461564
268.58466891570237
269.07038932466077
269.6238824591558
269.6238824591558
269.2527627165136
269.2527627165136
269.2527627165136
269.2527627165136
268.84785653556287
268.6558734298313
268.5642185223652
268.5642185223652
268.19459722234654
268.1717774621264
268.14142781199627
268.1718597512306
268.1718597512306
268.23040422682294
END
