32190.456679767543
35332.55089462406
30839.60377752839
27488.57423319838
27148.794862962917
27148.794862962917
27148.794862962917
28028.632392298277
26588.20902773003
26588.20902773003
26998.37835900874
23369.358770297382
23369.358770297382
22999.766080968147
21634.883916736508
21634.883916736508
21284.0423187319
21284.0423187319
21199.26376841145
21199.26376841145
21891.107393116006
21891.107393116006
22202.727763056915
22536.95365448176
22536.95365448176
22536.95365448176
22536.95365448176
20604.153482414753
21040.473529669893
20770.87333361955
21082.231693143975
21082.231693143975
20846.56556479302
20621.103103299163
21082.631061515225
21082.631061515225
21082.631061515225
21082.631061515225
21459.35250290291
21193.341317006096
21193.341317006096
20877.882687462305
20908.526792465454
20908.526792465454
20950.10945617099
20991.90466483122
20991.90466483122
21182.69628354186
21102.903578642745
21158.042829125734
21026.365361587086
20854.575475881295
20854.575475881295
20854.575475881295
20793.83516934379
20846.667672245974
20779.287396486463
20742.07105613185
20788.905134061453
20674.585740237042
20688.36745870846
20668.868579464135
20616.82676024107
20581.24976626694
20514.20321809851
20471.459058517932
20402.595608001706
20391.244872627
20383.21588552459
20359.116831602332
20408.795881505175
20388.42762836304
20399.981537191976
20421.232841036042
20376.924892591866
20397.16421502373
20360.91630625807
20357.04015515023
20357.04015515023
20353.388398766
20351.861740229462
20358.95961936456
20355.1914298943
20369.64140252859
20356.489924829813
20363.54784990662
20369.691784882438
20364.69699673168
20384.69348065061
20375.633583776616
20377.674393647234
20371.59231438976
20370.305058327205
20369.45254725217
20365.304988284784
20370.579065761296
20363.687033040806
20366.838112925616
20365.449037955226
20368.563620618035
20370.189988438236
20376.33658597758
20379.520655011962
20383.323164888207
20388.551331627306
20389.05022098552
20394.156536253307
20393.796895695108
20396.378472456454
20396.283070677833
20397.887887084165
20397.945260041604
20397.742840371986
20396.37151720946
20396.825035367183
20395.732155747814
20396.007177069667
20396.07465066965
20398.362483976005
20399.48036289612
20402.232436161477
20402.389604009742
20402.389604009742
20402.550299926814
20402.241674545523
20402.283438354003
20402.322611169384
20402.27229299963
20402.41292899238
20402.62876255613
20402.598258778024
20402.56690749582
20402.335721003787
20402.25772240486
20402.322712709953
20402.164790209645
20402.02371747703
20401.902903465307
20401.804446320217
20401.719425609102
20401.44383220136
20401.35695892423
20401.203205486934
20401.028724704684
20400.826015503844
20400.635540514006
20400.439092785222
20400.097192413286
20399.83850904423
20399.547846453977
20399.43145781562
20399.43145781562
20399.425644738672
20399.442650963796
20399.455312656726
20399.472836628815
20399.5048331972
20399.536276188166
20399.57258465367
20399.60179387359
20399.606497221357
20399.61495685963
20399.625270115557
20399.619180116948
20399.59304821388
20399.626605881134
20399.590854429975
20399.59406690861
20399.58660407767
20399.57993612984
20399.564484163413
20399.56021862822
20399.54387463957
20399.537481903728
20399.525015820265
20399.517455894784
20399.49592906551
20399.4794487299
20399.441664633086
20399.434257764628
20399.402093171193
20399.377378114525
20399.35276842177
20399.295084064313
20399.248945454285
20399.191839841602
20399.116759278906
20399.0258618419
20398.95946964391
20398.879957969642
20398.834342999005
20398.8421322787
20398.82685526391
20398.859892620538
20398.862507052705
20398.872018422528
20398.87412585635
20398.87839445699
20398.87224694829
20398.87224694829
20398.87287701683
20398.877549240817
20398.872129944808
20398.872129944808
20398.869415519617
20398.869415519617
20398.87159929939
20398.87395021397
20398.874401088855
20398.865598520384
20398.86496662183
20398.864650672884
20398.863024896586
20398.86020658737
20398.86544714631
20398.862895812075
20398.869209366047
20398.865930548236
20398.868992543794
20398.867861672774
20398.867663264464
20398.871067056112
20398.871733595777
20398.87300967806
20398.874535743285
20398.873163895943
20398.87286549954
20398.87231003231
20398.87171238572
20398.870760977858
20398.87088428415
20398.870757322802
20398.870466124547
20398.870472979153
20398.87066063781
20398.871047259436
20398.871015185046
20398.871430709965
20398.871837004455
20398.872084328337
20398.87248336788
20398.87272020896
20398.87311306868
20398.873563221467
20398.873985911992
20398.874530676185
20398.875408549742
20398.876121815203
20398.87711160516
20398.87818972912
END
