26171618186913.637
10908402514777.2
9063840230753.287
7889675370514.857
7131696843733.703
3893622371540.5083
3640981322662.484
3640981322662.484
3640981322662.484
2492455465822.8633
2108742141147.1091
2108742141147.1091
2108742141147.1091
2108742141147.1091
2108742141147.1091
1852565991774.6362
1005469698167.0022
983630140392.0667
829871274054.6797
829871274054.6797
829871274054.6797
829871274054.6797
621554026376.5476
483976100702.3279
336671094817.21106
336671094817.21106
164043619622.99646
164043619622.99646
164043619622.99646
164043619622.99646
144508982832.5094
144508982832.5094
134831593021.77084
120598194175.92972
120598194175.92972
111026232052.05994
80093338299.62338
80093338299.62338
80093338299.62338
79139504883.45741
79139504883.45741
79139504883.45741
76841224906.21658
76841224906.21658
75889168575.47879
69499332731.60844
45767673834.54576
45767673834.54576
40561266074.39493
40561266074.39493
40561266074.39493
40561266074.39493
39345265502.22752
36343387384.613235
36343387384.613235
36343387384.613235
36343387384.613235
35170595766.40768
34511413563.27792
34055695493.778526
32309037800.25531
32119941429.557476
23065528294.794147
22728788635.99079
22638985732.99333
22179445423.235016
22179445423.235016
20887497275.064747
19712472319.137512
18799010919.576897
18799010919.576897
17911630279.402576
17070917722.034534
15148939001.304712
12885341978.535568
11085146203.75895
8896117991.281395
6908204227.451375
5239264435.780659
2751518436.8259997
1131342056.3380337
701109639.800225
662013348.0068449
496432949.93817866
230742311.0676749
230742311.0676749
154066711.305376
154066711.305376
91450022.30638623
33049470.35421476
7255869.63830682
0.0
END
