32190.456679767543
17562.682786009416
15717.223382295635
17787.010899510697
18193.565045370513
17226.686798576535
17396.569579912637
17396.569579912637
17396.569579912637
15879.732734314712
17967.97679000652
17967.97679000652
17967.97679000652
17967.97679000652
17967.97679000652
19068.947303015128
15649.291964027761
16334.758497017072
16082.164103761108
16082.164103761108
16082.164103761108
16082.164103761108
16592.966842200607
16504.95049204033
16556.807655151417
16556.807655151417
17306.164817971483
17306.164817971483
17306.164817971483
17306.164817971483
17282.482475621295
17282.482475621295
17400.335101002278
17736.656172046896
17736.656172046896
17741.495611782593
17337.132492714674
17337.132492714674
17337.132492714674
17440.853094577105
17440.853094577105
17440.853094577105
17467.355779241567
17467.355779241567
17249.664031093344
17110.595726021493
16619.45233925451
16619.45233925451
16635.787231704184
16635.787231704184
16635.787231704184
16635.787231704184
16572.056979834353
16290.569121061713
16290.569121061713
16290.569121061713
16290.569121061713
16584.195934448857
16541.86626166271
16602.20324959136
16256.812822811607
16153.84204134222
16206.755852412847
16104.071204719941
15883.20544258353
15966.028234357422
15966.028234357422
16116.509946072321
16001.439255847308
15998.665859080851
15998.665859080851
15982.386978839
16001.232046692558
15987.873487223042
15968.969701631766
15934.467308648473
15907.195523747545
15898.679267767355
15962.431495729052
16019.254053683846
16211.093322802782
16222.920588620418
16191.101761064094
16307.688414132914
16467.73479123859
16467.73479123859
16548.399479975105
16548.399479975105
16457.069594669694
16452.546321619855
16548.486941419233
16550.62379726046
END
