11922027849848.852
2513508900531.656
2513508900531.656
1270676709179.4685
1270676709179.4685
1270676709179.4685
1270676709179.4685
920753978001.1619
920753978001.1619
920753978001.1619
920753978001.1619
920753978001.1619
920753978001.1619
754714785556.5219
536515110581.94617
536515110581.94617
536515110581.94617
477655512359.4873
382334880920.52277
382334880920.52277
345504576350.68225
161947361231.64053
161947361231.64053
161947361231.64053
161947361231.64053
161947361231.64053
161947361231.64053
159939444700.02423
146057560724.35553
146057560724.35553
101744927928.97397
101026387890.24713
101026387890.24713
94286408741.42255
94286408741.42255
94286408741.42255
94286408741.42255
94082358278.09348
94082358278.09348
91740219667.11813
78021133245.28198
66530929109.11888
63882973662.79967
56791585668.810555
56791585668.810555
56791585668.810555
54903488966.647224
46791395162.47696
44790300311.20229
44790300311.20229
44248000634.20533
43832757967.50035
43558610806.097786
43558610806.097786
42808531137.704636
42181048318.76456
41472036378.583664
40954378435.41365
40474134375.72966
39773558883.433624
39574278422.373
39208015218.361244
38981628962.54935
38694581288.40649
38446652888.96686
38261804154.96095
38112806182.79047
38044539649.893486
38044539649.893486
37996139861.30121
37931421630.39622
37909056976.67098
37878154145.08461
37835239950.66313
37808647524.0778
34760423135.27908
15444771141.669163
15444771141.669163
15247352783.564957
15247352783.564957
15063112335.421526
15063112335.421526
14682553306.77605
14392951797.669086
14392951797.669086
14353639908.203384
14156313021.684288
14145372551.79697
14090935948.926064
14090935948.926064
14056177697.617023
14041890513.250538
14014922787.017982
13969260594.255796
13969260594.255796
13955794863.303009
13955794863.303009
13954160502.741646
13946966976.80679
13940635494.770512
13933301984.371426
13929142869.513983
13919959849.609543
13913973763.72479
13913421698.25613
13910542111.711311
13908219610.04982
13905377268.314026
13904104932.210228
13902654340.804531
13901933557.505032
13899197071.637203
13898871137.290436
13897719635.76218
13896238507.55914
13895428021.569038
13893621154.774603
13892322130.139471
13891243894.553896
13889975689.185625
13889342617.289
13887946712.355259
13886987095.303247
13886165314.399834
13885604114.08156
13885356287.557035
13885101320.855417
13885008643.055218
13884583927.253502
13884229259.093979
13883759568.16964
13883346219.089588
13882735129.685936
13882201704.734398
13881656036.230324
13880995622.880672
13880345320.712463
13879394822.25897
13878547430.69799
13877685555.911783
13876737246.116001
13876037140.342863
13875129634.63006
13874361440.789257
13873478552.847872
13872652500.15322
13871975875.299328
13870988629.895332
13870214472.53461
13869049925.991467
13868194348.925037
13867215045.113731
13866266588.055986
13865464535.376057
13864291705.860306
13863322486.910072
13862234504.161049
13861258338.95301
13860340239.519558
13859308407.825315
13858379372.728165
13856155587.439548
13854945905.797665
13853604630.346498
13851503486.863802
13849856757.34589
13848360176.241947
13845320522.222054
13842475848.580452
13839555850.021444
13836391881.723995
13833153775.419672
13829899101.191877
13826656105.211533
13822120448.83947
13818004421.961527
13813104342.515472
13809686226.064571
13805431154.28126
13799816261.853018
13791570141.912527
13784995389.395676
13778405979.141914
13771082715.520813
13763761589.535671
13759295573.812067
13746632390.67284
13739045132.319191
13726532649.47675
13707968426.859024
13696786123.664284
13683460999.907547
13674923753.721844
13662192794.159939
13605932492.74179
13578163135.903852
13538406160.31044
13497133461.7921
13450797011.637644
13413608896.625778
13376791992.537754
13325496914.439865
13088199657.764824
12961006569.716694
12848923860.316528
12652493792.194828
12474729250.42868
12212232996.102097
11919428874.903307
11668058262.517494
11517697907.823097
11135287901.345232
10992458019.684439
10674973578.263416
10258297107.557571
9903281131.72449
9729088900.877392
9504153112.360407
9147865070.030567
8696705761.065453
8674308959.71945
8308405493.48195
7618269017.92211
7345164292.121477
6732635350.165071
6701775087.849384
6662568754.347122
6637785049.520311
6637785049.520311
6637448621.268616
6637448621.268616
6637448621.268616
6631107658.573635
6629208963.152899
6629208963.152899
6629208963.152899
6629208963.152899
6628921016.270018
6628523425.077881
6628523425.077881
6628523425.077881
6628523425.077881
6628327343.388308
6628189689.930307
6627949284.441591
6627727593.941397
6627486466.351057
6627112719.559776
6626951973.195837
6626642216.360419
END
