254.2045922303685
249.38492214490373
249.38492214490373
246.53170616988612
246.53170616988612
246.53170616988612
246.53170616988612
249.00727067834933
249.00727067834933
249.00727067834933
249.00727067834933
249.00727067834933
249.00727067834933
250.00812794069887
248.9568858589016
248.9568858589016
248.9568858589016
247.6499514877571
249.87447485861776
249.87447485861776
249.70106954079048
252.35558631936033
252.35558631936033
252.35558631936033
252.35558631936033
252.35558631936033
252.35558631936033
252.40930704421356
252.38880578865462
252.38880578865462
251.78700338972502
251.31806744224937
251.31806744224937
251.46409128845102
251.46409128845102
251.46409128845102
251.46409128845102
251.38491564793748
251.38491564793748
251.77809245538268
251.5571851505905
252.06121250485617
252.26304640249256
251.60256671753257
251.60256671753257
251.60256671753257
252.3698827709713
252.51190955784904
252.4682988666453
252.4682988666453
252.43969368501186
252.6973591924146
252.70793552312847
252.70793552312847
252.68699295388592
252.5880277853658
252.64394032525732
252.47784124570026
252.5338854297971
252.52800845167835
252.5310166351496
252.54119598129333
252.46509282944257
252.2564598439056
252.08307627725048
252.0492845010453
251.93406949953325
251.85809506445563
251.85809506445563
251.925596557181
251.60439932799665
251.6684285003362
251.6653920565964
251.74165617423856
251.6198058614643
251.41993606190118
251.50211441033443
251.50211441033443
251.75595066068124
251.75595066068124
251.5952452763167
251.5952452763167
251.389665612721
251.51738915745938
251.51738915745938
251.29050270571403
251.2835824598754
251.55255763222152
251.59173389358423
251.59173389358423
251.61264141669056
251.60498565664133
251.55384068096515
251.5137368552451
251.5137368552451
251.68581447051073
251.68581447051073
251.6211685198309
251.52851931872848
251.5350594364379
251.47283362389115
251.48235811888316
251.49617226247275
251.49391145949653
251.4973565569492
251.61133172440165
251.62955101836377
251.6522484290452
251.68741465687356
251.74525790068665
251.71329620700882
251.72232451162327
251.73495169046276
251.6838531113053
251.666472398098
251.67279275264306
251.6614100100098
251.66041940815686
251.65859780303967
251.6550566369144
251.65117133214358
251.64734791761398
251.66560885025086
251.64921568198872
251.65489656551674
251.64184648377
251.645630874646
251.6305634762832
251.64451994589547
251.6484992746369
251.64882115267238
251.64921463868936
251.65177350412665
251.6510507712311
251.6476970072872
251.65181475569645
251.64990842786662
251.64827841986423
251.6448491898476
251.64323677034562
251.64462889999822
251.64307975699322
251.64433392534968
251.64454151748575
251.64571568860424
251.64805083832277
251.64555081484005
251.64724082026058
251.64610858452474
251.6470899418823
251.6466463800649
251.64648776315704
251.64659345336003
251.64677772033386
251.64690025706255
251.64801265984292
251.6470053643854
251.64826613811454
251.64941191915614
251.64868802490358
251.64949885686406
251.64994130775344
251.6501027108139
251.65180821563888
251.65121403141617
251.65221280997935
251.65266702831147
251.65274002174468
251.6542319710838
251.6548091722765
251.6553455797444
251.65634892126457
251.6562799962049
251.65793161430975
251.65768336358354
251.65806675050317
251.6598785468117
251.65963687762
251.6611578427647
251.66128306892506
251.66233670208464
251.66396864707266
251.6648251762433
251.66679423846045
251.66777063510398
251.66937706953559
251.6691199905625
251.67137809063252
251.6731986669874
251.67564367665094
251.67713207072322
251.6786028525035
251.68165757728607
251.68484289722667
251.69119179287208
251.69429575782357
251.69966853438385
251.70478855689657
251.71006434870154
251.71477575937124
251.7205072664759
251.72439027560085
251.74045048357587
251.74602748367724
251.753545724795
251.76083561944142
251.76897991504313
251.8035965018073
251.81933807213704
251.82786839165595
251.83497382107294
251.84006621289276
251.832674595835
251.8279676597178
251.83529373092028
251.84260605101994
251.84565767526868
251.84637318453497
251.8519523269394
251.84966992637854
251.8530441643497
251.8460946890294
251.8455728648072
251.82889487720254
251.8106731530621
251.80928142557718
251.80748996072805
251.8073139852624
251.8073139852624
251.8060026992906
251.8060026992906
251.8060026992906
251.807394078537
251.80735874418684
251.80735874418684
251.80735874418684
251.80735874418684
251.8077190266874
251.8070438151183
251.8070438151183
251.8070438151183
251.8070438151183
251.8072770681698
251.80730323465752
251.80786981669632
251.8072631627354
251.80844929164667
251.80718858140403
251.80909527532074
251.80816116729997
END
