19165.76320293177
21901.921862835916
21901.921862835916
19828.128791702282
19828.128791702282
19828.128791702282
19066.342163621215
18609.90981851911
18609.90981851911
18317.77343014897
18317.77343014897
18337.168928164778
18337.168928164778
18337.168928164778
18337.168928164778
18337.168928164778
18337.168928164778
18337.168928164778
18560.898189861993
18560.898189861993
20289.39339249786
20289.39339249786
20289.39339249786
20289.39339249786
20289.39339249786
20289.39339249786
20289.39339249786
20423.10797859886
19893.906730835115
19562.155007679597
19562.155007679597
19402.969095746215
19404.56957480391
19404.56957480391
19481.273460384342
19328.956643132078
19302.82734991857
19302.82734991857
19302.82734991857
19331.134645315728
19331.134645315728
19319.759349352636
19245.849363510675
19319.59852966213
19319.59852966213
19191.416208857492
19191.416208857492
19198.376978127024
19287.797722828465
19287.797722828465
19282.136865319815
19343.517200465543
19389.785889726692
19295.78581193775
19295.78581193775
19313.717982870076
19313.717982870076
19304.707093086676
END
