250.69059091932937
241.10975508525965
249.04919545521224
245.23511995534534
235.89344227963045
235.89344227963045
235.89344227963045
244.08021228108584
244.08021228108584
244.08021228108584
243.57096778251844
243.57096778251844
243.57096778251844
243.57096778251844
246.05104307387782
246.05104307387782
246.221865879221
245.67697373208426
245.67697373208426
250.06510680270756
250.06510680270756
249.9075956105773
249.9075956105773
249.9075956105773
249.5306029745029
249.5306029745029
249.5306029745029
245.12202067688324
245.12202067688324
245.12202067688324
244.2646339444318
244.2646339444318
246.22949397873708
246.31478152424336
246.8532895287244
246.8532895287244
246.61858665176072
246.61858665176072
248.0527809039587
247.62425332808095
248.24758365928167
248.85137847560748
248.85137847560748
249.52180281838145
248.9798804641501
249.1190996122557
END
