24227308059068.527
5186519630186.07
2935436289479.693
2657139234698.943
2657139234698.943
2331921332699.2114
471770697949.54236
471770697949.54236
471770697949.54236
471770697949.54236
471770697949.54236
471770697949.54236
471770697949.54236
471770697949.54236
471770697949.54236
471770697949.54236
431012479584.0888
431012479584.0888
431012479584.0888
405632277205.97235
300342228623.2377
300342228623.2377
300342228623.2377
300342228623.2377
300342228623.2377
300342228623.2377
300342228623.2377
300342228623.2377
259798913548.23917
246625504177.6654
246625504177.6654
246625504177.6654
197593734926.08472
197593734926.08472
197593734926.08472
179557296456.96347
168389422198.992
166399334725.46637
165713589124.78348
143954566908.68613
125562920369.36917
104657254298.09714
104657254298.09714
104657254298.09714
102790341107.40588
99514906108.52367
99514906108.52367
92874448623.85509
92874448623.85509
92874448623.85509
91178801719.09772
85969056620.47966
85969056620.47966
82809998219.21638
74182379263.24722
72468684714.50882
69626205292.39932
65309376066.38228
60996656426.2183
53737746667.80903
53737746667.80903
44589732987.24725
43193890084.62144
36177553430.81947
36177553430.81947
36039853715.29943
35049049597.75708
35049049597.75708
34480612782.29976
33248121702.82918
27663866898.28171
22791173863.970013
22791173863.970013
22257680843.617092
21950839279.788223
21483268828.870132
21344863753.94369
21169114544.25163
20744435727.451122
20571185296.022552
20233279372.354923
20146636953.291542
20146636953.291542
20061451990.926304
20041544390.353092
20041544390.353092
19997717006.06502
19956640133.908375
19922140362.789227
19914490228.308548
19907513096.45479
19888166206.182484
19863909468.103794
19849791341.989174
19827022047.270184
19802000159.572113
19797202378.132065
19785423028.687504
19779733774.71986
19771777570.40016
19763397999.85648
19757639485.52172
19752425910.79325
19748982924.162636
19744263929.05993
19741535458.452507
19739519335.322643
19736596449.846794
19733290443.734474
19730404187.594784
19728277545.94622
19726843244.031155
19725319193.611187
19724673753.912308
19723483898.305656
19722402666.822025
19721491650.048584
19719836189.72433
19718607490.104355
19717579238.667786
19716211018.670506
19715056995.109783
19713909150.281246
19712289841.68639
19710674140.67495
19708992799.871445
19707949756.83226
19706484896.80865
19705309680.474854
19703083594.770958
19701525814.418896
19699555632.01139
19697096704.27862
19695686009.079433
19693679132.765133
19690145513.441616
19688138978.58392
19686593572.602528
19685821089.906372
19685204498.16942
19685146677.782658
19685146677.782658
19685046264.447132
19685017373.16987
19684907108.873554
19684822050.52444
19684745427.784294
19684658000.857803
19684563347.407063
19684496943.418934
19684438029.3451
19684372193.40246
19684313912.551327
19684276745.25742
19684242877.877853
19684191914.912285
19684142689.91732
19684034434.74102
19683946468.67933
19683877873.758236
19683770691.341194
19683690970.990036
19683592962.486584
19683426588.909122
19683273136.09699
19682958357.666073
19682706688.32197
19682415114.292194
19682001478.031937
19681716339.047398
19681377282.82779
19681020297.35908
19680551153.580845
19680183954.59759
19679810154.558167
19679447958.45667
19678862777.082172
19678526596.692524
19678058304.68717
19677701573.759243
19677462290.132977
19677309434.801117
19677237108.114494
19677178981.407013
19677130748.56227
19677102797.8132
19677077147.32768
19677060698.761925
19677041756.424843
19677018508.641506
19676990263.535812
19676969636.352173
19676939142.077503
19676907072.59975
19676866820.01797
19676831750.290497
19676784549.829586
19676734523.341736
19676689293.5953
19676642527.252308
19676589777.291775
19676529282.523586
19676483582.126358
19676436525.42557
19676382828.34303
19676333960.29038
19676260777.395103
19676212259.717724
19676143215.636784
19676092562.67316
19676029491.352894
19675962369.105263
19675943145.4726
19675929044.71252
19675918564.877144
19675898038.19397
19675885043.213657
19675864901.885536
19675852344.9166
19675831356.68545
19675819620.064693
19675804414.244076
19675790510.407597
19675765591.452618
19675745655.66897
19675728968.03528
19675706347.8494
19675687926.640327
19675671081.750385
19675653155.92854
19675636620.30854
19675617963.319458
19675604872.120945
19675584389.441113
19675563794.738686
19675541870.686073
19675510049.28009
19675481043.247326
19675449402.466835
19675419000.380688
19675383987.038406
19675342946.99785
19675304561.184822
19675270436.70113
19675230740.301735
19675188422.16126
19675146554.453697
19675112360.631092
19675082676.888798
19675060019.521103
END
