288.38453980389926
268.31831942882854
280.25381428893945
276.80251963763726
276.80251963763726
276.4846418731216
270.4109531913614
270.4109531913614
270.4109531913614
270.4109531913614
270.4109531913614
270.4109531913614
270.4109531913614
270.4109531913614
270.4109531913614
270.4109531913614
268.77491986013354
268.77491986013354
268.77491986013354
271.53380604922194
270.9929432438369
270.9929432438369
270.9929432438369
270.9929432438369
270.9929432438369
270.9929432438369
270.9929432438369
270.9929432438369
272.12047758447835
270.93697656711805
270.93697656711805
270.93697656711805
272.13520841489964
272.13520841489964
272.13520841489964
273.5408781995773
273.72540595754384
273.6950814978435
274.12949878070185
273.5777014753292
272.6722519637966
272.97831617770896
272.97831617770896
272.97831617770896
272.99128710716604
273.0188870088186
273.0188870088186
272.7989128415129
272.7989128415129
272.7989128415129
272.609973562985
271.9957223199166
271.9957223199166
273.16119067205614
273.64706415244825
273.88381098774937
274.038538033711
273.58393163517184
274.7419702996773
274.61654267922904
274.61654267922904
273.85262422004377
274.25124734443057
274.1365142753668
274.1365142753668
274.22012315560505
274.4337527839035
274.4337527839035
274.50043900812346
274.6054066649324
274.2510245304061
274.5841112157174
274.5841112157174
274.61179106092345
274.46213638220814
274.402968236413
274.07181210466723
273.9362623430491
274.0017881893492
274.033410785554
274.1330315737254
274.084920943175
274.084920943175
274.09054618858653
274.1070577952393
274.1070577952393
274.0843759078535
273.9569752768467
273.96086583065704
274.0124286007817
274.0533452023017
274.0904154820388
274.08002376122096
274.0640284182919
274.0786437818359
274.0266867964192
274.0305477271727
274.0189926938387
274.02276208605053
274.00509446473956
274.0064435744625
274.0057310363633
273.9980758315777
273.96637242466807
273.96506304124495
273.9479808427584
273.91933493742
273.9354010599675
273.96271825180065
273.96578030330573
273.96211651558264
273.987116417577
273.9839218635876
273.9946353874924
273.9926566295514
274.0022861326516
273.99456458157835
274.0144955951252
274.0039677201783
274.0114312080008
274.0182837523723
274.01918845595316
274.0128491417442
274.0309824258625
274.0299065725772
274.02983797564946
274.03086370948853
274.03135194680266
274.03421759376874
274.0356552503691
274.03367736358814
274.0348212858839
274.03220737947794
274.0332640004992
274.030038876885
274.02846888839446
274.02725843837294
274.0271275859649
274.0272125549333
274.0252688640872
274.02684350340377
274.02684350340377
274.0262460232138
274.0246766555822
274.02582799200826
274.0261671706472
274.02834955272164
274.0290895728011
274.0283627805895
274.02810811372154
274.0291446047655
274.0286136211852
274.0262850802713
274.0293915617134
274.02926910417307
274.02925400775456
274.03012745652865
274.0302002955489
274.02934355306536
274.03013301970583
274.0305483480507
274.03166149280355
274.0318735915683
274.0312185915344
274.03306122465995
274.03164504584805
274.03145860207576
274.03076845559355
274.03060132489225
274.02876529715087
274.02944194661507
274.02818278464986
274.02838372153985
274.0269343472113
274.02577461007854
274.0254542797116
274.02489839507086
274.02445143024266
274.0205022493748
274.0192614893458
274.01976378505424
274.01828434820624
274.01813576786515
274.01471006079106
274.01658668963995
274.0153249966281
274.015778480806
274.0161077849456
274.0139326156188
274.0154526810694
274.01542779028216
274.01458272411367
274.01474567652434
274.0150694004663
274.014701485799
274.0160338962441
274.01356567531695
274.0161616021435
274.0153671134061
274.01418723961143
274.01521481340745
274.01508483691106
274.01610972890643
274.015276809923
274.0157824986301
274.01462917953626
274.01547854538666
274.01484403928526
274.0145266824653
274.0142883789502
274.01333674222917
274.0122827290831
274.0140774150483
274.0143287291439
274.01331200183523
274.0108252284563
274.00947108744225
274.0098247152545
274.010189751858
274.0105427761736
274.0098621033584
274.0075253247375
274.005509136345
274.00498036433896
274.003990004886
274.0012944485583
273.999880728942
273.9996577322496
273.9977855179698
273.9991617674112
273.9985717693581
273.9982254499883
273.9965242492081
273.9992817626886
273.9989666597291
273.9975016113936
274.0015193546251
274.0006441491126
274.00077632384216
274.00069875980006
274.00180030179143
274.0012603167033
274.00163474356617
274.0026804570741
274.00170575472555
274.0026514519133
274.00072909441195
274.00223987110684
274.00093306346906
274.00329123958306
END
