24431105680138.855
6212079693226.776
5249133062307.359
1864099982274.4573
1864099982274.4573
1864099982274.4573
1864099982274.4573
1500478691876.0225
1500478691876.0225
1500478691876.0225
1500478691876.0225
707873591551.2865
707873591551.2865
707873591551.2865
707873591551.2865
707873591551.2865
707873591551.2865
475307160717.93915
475307160717.93915
475307160717.93915
475307160717.93915
475307160717.93915
463849031372.92957
235237679789.19733
235237679789.19733
235237679789.19733
210006085897.59647
210006085897.59647
193686028224.21753
116502556762.56024
84161906671.31795
76365372278.3042
76365372278.3042
76365372278.3042
76365372278.3042
76365372278.3042
76365372278.3042
76365372278.3042
40543844973.408646
40543844973.408646
34427891561.97221
28056718557.42092
22670821489.33603
17842297161.758404
17842297161.758404
16611042471.870674
15692176074.512352
12641638004.159578
7832241595.716528
6717153202.362589
4800534261.111568
4414240939.453205
4414240939.453205
2305882000.8724065
1425581767.7262726
1010612820.9351084
244194050.18729416
244194050.18729416
11760378.817769436
0.0
END
