20642.293958078168
16961.651836267934
16961.651836267934
13100.156299830385
13100.156299830385
12330.285151093194
13404.324757457798
13404.324757457798
13404.324757457798
16499.06453354908
16499.06453354908
16499.06453354908
13791.285615349567
13791.285615349567
13791.285615349567
13348.54234353235
13348.54234353235
13348.54234353235
13348.54234353235
13348.54234353235
13348.54234353235
13348.54234353235
13348.54234353235
13348.54234353235
13532.5675030666
13532.5675030666
13532.5675030666
13286.339889533541
13421.282835277409
13421.282835277409
13421.282835277409
13493.245061230995
13493.245061230995
13493.245061230995
13493.245061230995
13443.031218541062
13443.031218541062
13310.585613592868
13303.019382696984
13351.940621777372
13142.08390319567
13142.08390319567
13303.719875080616
13323.55292481144
13282.986696783224
13353.404456449858
12969.560798177574
13241.282717861315
13376.524513277702
13340.59102763094
13521.984047407506
13589.446041816562
13456.939991113682
END
