25101.626465846588
24800.0018529968
22813.602313369025
21374.468017305764
21374.468017305764
21374.468017305764
21374.468017305764
19208.265689976888
19208.265689976888
19208.265689976888
19208.265689976888
20822.93812298506
20822.93812298506
20822.93812298506
20822.93812298506
20822.93812298506
20822.93812298506
20599.0617668149
20599.0617668149
20599.0617668149
20599.0617668149
20599.0617668149
20997.161473143802
20704.520827176824
20704.520827176824
20704.520827176824
20843.395616607802
20843.395616607802
20741.88435925467
20676.23207559758
20761.190998452606
21020.203547205878
21020.203547205878
21020.203547205878
21020.203547205878
21020.203547205878
21020.203547205878
21020.203547205878
20902.11728888528
20902.11728888528
20891.069081017136
20653.082173848958
20714.461606546836
20702.306741157936
20702.306741157936
20489.716277524072
20465.815895353786
20498.924505783703
20619.085172839717
20568.356214953434
20749.785046530575
20558.142760934355
20558.142760934355
20642.997621887196
20427.006283371324
20684.79580725154
20615.502797278146
20615.502797278146
20575.00224468543
20550.763870503622
END
