305.23861004775165
297.0181634163648
289.97101678114194
291.9887362664807
291.9887362664807
291.9887362664807
291.9887362664807
295.2490804293953
295.2490804293953
295.2490804293953
295.2490804293953
296.84237418048167
296.84237418048167
296.84237418048167
296.84237418048167
296.84237418048167
296.84237418048167
294.61790251414425
294.61790251414425
294.61790251414425
294.61790251414425
294.61790251414425
295.67025511403455
292.7944096598795
292.7944096598795
292.7944096598795
295.16381257165443
295.16381257165443
297.2873487799551
294.2323220952135
296.2684271658105
297.1765146593751
297.1765146593751
297.1765146593751
297.1765146593751
297.1765146593751
297.1765146593751
297.1765146593751
296.9379062076769
296.9379062076769
297.40876464044965
297.0324417815516
298.40768462096594
298.67375958810567
298.67375958810567
297.97365282652856
297.7211654491551
297.19480953038834
297.72623477764046
298.084435023362
299.1134544354492
297.9709211541555
297.9709211541555
297.21327595640645
296.85654936797715
297.76291079482996
297.443092659051
297.443092659051
297.32807284530224
297.2472959534234
END
