281.4132630147449
277.13720229834223
277.13720229834223
277.02840613583896
277.02840613583896
277.02840613583896
278.4101603767079
277.3585478536264
277.3585478536264
277.3585478536264
277.3585478536264
277.3585478536264
278.46262387815125
278.46262387815125
278.3454781443235
282.04166731254134
282.04166731254134
282.04166731254134
281.8722693325965
281.8722693325965
279.8043446571207
279.8043446571207
281.42018154030524
281.42018154030524
281.9648145263443
283.14750980984394
282.7689093276723
282.7689093276723
284.00887583316114
284.1109273644953
284.0870416720318
284.0870416720318
285.38173203913703
285.331493261275
285.3892162846013
284.35678495785595
284.35678495785595
283.90844529929643
283.67760213462265
283.46887981483894
283.46887981483894
284.9116132547167
284.5701804637888
284.6037765852136
284.37719793448525
284.1983352081902
284.1983352081902
284.18988747880985
284.22537626116156
283.79996092867066
284.0953532764146
284.0987931244601
283.8889005629071
283.47443591350316
283.74291657148365
283.5976231620761
283.81175668553277
283.240103438422
283.2840086442692
283.2840086442692
283.15762777940483
283.2854743172883
283.2854743172883
283.28286953382064
283.3180880828358
283.25024263158315
283.32764189805494
283.32764189805494
283.19129510544457
283.2084394920095
282.8974716483772
282.8974716483772
282.8974716483772
282.8974716483772
282.79884431271563
282.79884431271563
282.74976721725676
282.78625523669075
282.78625523669075
282.82349020624775
282.82349020624775
282.8339411383387
282.8339411383387
282.8339411383387
282.8339411383387
282.8339411383387
282.8228365976691
282.8318610728389
282.83741422669533
282.83932261758764
282.8497625704661
282.8507936102418
282.8398098225201
282.84373286068274
282.8771187716697
282.9488982736427
282.9956516199133
283.01713524696805
283.07532577936644
283.10420192274347
283.12933610659377
283.16928268475255
283.16915661628184
283.19722079065684
283.24499907823326
283.2270886830048
283.24861654725146
283.2567781339778
283.2329289393537
283.288979037932
283.30515349087585
283.32293439030445
283.291197629821
283.33589009647875
283.3474906160303
283.3530998292618
283.3403397899001
283.3090974637068
283.31032581297364
283.27244514078546
283.22342100050423
283.196263207586
283.14379849371613
283.2984578284009
283.0512834642686
283.12564212659726
283.1035410546043
283.02366006992037
283.0249478193824
283.01631068120616
282.9796163022354
282.97367757137215
282.99247807670207
282.9603531757313
283.0087306211371
283.0134422727576
283.04774670150067
283.0702569613806
283.10797764666427
283.1182321040267
283.1485282883817
283.1916511794873
283.2362208169896
283.27935118114533
283.3125068525827
283.2994701463633
283.28131726867696
283.2535953962796
283.23720311591
283.24078398051245
283.24078398051245
283.24078398051245
283.24078398051245
283.24078398051245
283.24030426934144
283.24030426934144
283.24030426934144
283.24034608799155
283.24034608799155
283.2396806017424
283.2406107150327
283.24157809171123
283.2420187985049
283.2428726498149
283.2431640866868
283.2431640866868
283.2431640866868
283.2430387306351
283.2436200867282
283.2441669278592
283.2440686109689
283.24544786819536
283.24541591075234
283.24622889327185
283.24622889327185
283.24715538047263
283.2473948271042
283.2482163445889
283.24948761163137
283.25019172601435
283.252636661123
283.2542956843638
283.25723481674584
283.2595504389379
283.2635553537818
283.2716065588478
283.27808893064497
283.2904925724133
283.3017085375485
283.3103257412463
283.32003746850125
283.3351889207841
283.3578272587888
283.3795043923854
283.4063104152474
283.4391351931421
283.4802706754004
283.52418607360914
283.566472635078
283.6224479716877
283.6800274865925
283.773005627779
283.88935694749506
284.0063335352413
284.09848742252933
284.25105702014463
284.38093458248676
284.4695122961922
284.5296798232316
284.535590559014
284.5297732057263
284.5297732057263
284.5310590194704
284.5310590194704
284.53135392736016
284.53135392736016
284.53049259638385
284.53049259638385
284.53049259638385
284.53049259638385
284.53049259638385
284.53049259638385
284.53049259638385
284.53049259638385
284.52989737175704
284.5307231173297
284.5307231173297
284.5311282038936
284.5303873983652
284.5303873983652
284.5306317010069
284.53092992682537
284.53142575687957
284.53239653506813
284.5327630050048
284.5333991047446
284.53403355390174
284.5342710681763
284.5353892545826
284.5358568898512
284.5373595346646
284.5399012842466
284.54201248751565
284.5439067998025
284.5468009637815
284.5489320561195
284.55234960613416
284.55679317099947
284.55984844098225
284.56449407469677
END
