11807701958466.98
2389469713714.8037
2389469713714.8037
1089556955173.3778
1089556955173.3778
1047666497188.4811
802523163540.6394
802523163540.6394
802523163540.6394
753577921834.3723
753577921834.3723
753577921834.3723
386168250138.2729
386168250138.2729
386168250138.2729
189161942318.542
189161942318.542
189161942318.542
189161942318.542
189161942318.542
189161942318.542
189161942318.542
189161942318.542
189161942318.542
111799956798.10094
111799956798.10094
111799956798.10094
101596566474.05086
66676588873.22953
66676588873.22953
66676588873.22953
63704298221.60251
63704298221.60251
63704298221.60251
63704298221.60251
54105449451.356445
54105449451.356445
53118731479.241684
50629789468.31728
31164443647.359
25180483043.83802
25180483043.83802
18503116094.498207
11312799713.157858
10322681275.759382
4712099350.4303665
4310552267.344384
3556528826.3291073
1768305907.7096553
632241602.341723
302044217.06026775
182118714.27078995
0.0
END
