20642.293958078168
16961.651836267934
16961.651836267934
13100.156299830385
13100.156299830385
13100.156299830385
13100.156299830385
13373.03288311215
13373.03288311215
13373.03288311215
13373.03288311215
13373.03288311215
13373.03288311215
13555.395359512022
14627.769284781702
14627.769284781702
14627.769284781702
14821.528885446787
14716.546858726788
14716.546858726788
14747.175630249581
14817.797285160621
14817.797285160621
14817.797285160621
14817.797285160621
14817.797285160621
14817.797285160621
14790.827526425643
14783.302852327157
14783.302852327157
14720.754454843027
14724.35773506925
14724.35773506925
14728.271494303879
14728.271494303879
14728.271494303879
14728.271494303879
14786.27643157823
14786.27643157823
14906.943404857308
14585.827676425139
14561.928093795057
14578.313020680518
14309.590357984614
14309.590357984614
14309.590357984614
14438.35526930456
14453.17062336213
14472.152876670614
14472.152876670614
14471.229825953544
14424.711891244804
14435.682080163751
14435.682080163751
14457.30596249325
14398.13818455722
14411.878086726978
14400.137629479905
14404.279065556131
14388.327944557925
14394.707385656533
14410.643463846582
14394.132811208521
14416.82565449726
14406.080092428834
14410.796141001842
14415.721154910054
14425.754237977595
14425.754237977595
14448.323706672698
14433.769554223081
14444.027107775722
14441.873428200182
14434.537632411977
14430.283672173406
14464.137803957547
14428.688436022268
14428.688436022268
14443.13220794219
14443.13220794219
14524.369084100614
14524.369084100614
14534.15845089142
14531.861803812675
14531.861803812675
14535.372198485713
14531.83191318291
14542.475228835292
14510.900207823428
14510.900207823428
14518.397999942481
14545.924334162155
14543.980367919097
14577.42767370793
14577.42767370793
14574.00904526128
14574.00904526128
14577.006294174893
14569.331463715447
14570.009478706066
14557.344636891623
14560.334937862706
14562.589727550105
14562.157542636778
14566.466491510808
14568.973807424163
14573.717494684945
14576.12911014865
14580.012272506485
14585.68192060967
14578.644469010762
14581.966660045027
14584.625863987414
14579.874736015763
14584.90017255976
14583.238709240954
14585.375270555935
14585.377063039996
14585.19915019809
14587.39690853799
14585.702905651346
14583.878022954115
14584.974832356584
14584.572898121633
14583.675210602669
14581.64722147142
14581.769262410307
14576.801720679116
14581.582000440743
14581.018065593096
14580.869418493834
14580.808405750588
14582.563670057176
14582.107329665569
14582.725084265834
14583.697053869975
14583.434434445513
14583.78492088071
14582.548345640105
14582.657954892034
14583.109697645503
14582.696466077932
14583.26546146418
14583.36184344544
14583.38669121798
14583.76086552777
14583.722681027397
14583.88172787748
14583.634041839423
14583.78116595493
14583.714495670669
14583.595510587707
14583.71256696362
14583.83616040451
14583.770868069629
14583.914984695803
14583.990354009597
14584.019565437804
14584.155859129925
14584.112809829137
14584.156879334161
14584.119123866689
14584.265057365057
14584.28400980755
14584.310873146402
14584.329259843353
14584.469622183617
14584.447788645752
14584.556613535271
14584.617042944818
14584.69254379622
14584.845693951424
14584.813694317432
14585.03417323262
14585.126304359743
14585.249688207936
14585.346194634367
14585.50000673039
14585.649457179417
14585.66279109057
14585.810286786624
14585.960615010674
14586.074363614347
14586.218900454332
14586.328337004827
14586.45929770832
14586.775661767257
14586.898152696449
14587.195563691728
14587.580613558694
14587.790022472884
14588.093696325792
14588.31991580656
14588.76039092119
14589.687840142986
14590.151629322392
14590.762703067954
14591.525555065253
14592.29843491178
14592.876451329601
14593.885772657875
14594.780999341394
14598.059098117497
14599.685041292054
14601.948162137665
14603.744891485116
14606.237255281461
14609.89102480447
14612.222234921719
14615.230885362718
14617.246784921177
14620.785149979985
14622.64842476693
14626.093987587687
14629.295026161322
14632.883379425519
14635.007957109352
14636.75465825374
14641.409057158147
14644.863952121466
14649.394249750725
14650.812683241496
14659.794537389045
14661.561514104786
14670.473907407413
14670.818359322178
14671.660080664471
14673.37655636244
14673.37655636244
14673.131777583794
14673.131777583794
14673.131777583794
14673.281215195922
14672.947237593778
14672.947237593778
14672.947237593778
14672.947237593778
14673.002609921532
14672.994376613453
14672.994376613453
14672.994376613453
14672.994376613453
14673.028427267975
14673.066414773295
14673.10062989763
14673.083543797786
14673.133805056103
14673.14844857785
14673.162706954588
14673.194543422353
END
