25101.626465846588
24800.0018529968
22813.602313369025
21374.468017305764
21374.468017305764
21374.468017305764
21374.468017305764
19208.265689976888
19208.265689976888
19208.265689976888
19208.265689976888
20822.93812298506
20822.93812298506
20822.93812298506
20658.5709495073
20658.5709495073
20658.5709495073
20658.5709495073
20357.119772071623
20357.119772071623
20111.242339315162
20111.242339315162
20111.242339315162
20287.726215585975
20482.712689889497
20214.35473243915
20214.35473243915
20214.35473243915
20462.26406725273
20271.701684583157
19923.156162287276
19923.156162287276
20185.62639356722
20185.62639356722
20275.74662120203
20176.17590799934
20139.23524826343
20162.44228227257
20156.806397811095
20254.225846325142
20403.204581326252
20342.459658335356
20391.04381022299
20339.713580871437
20345.451554915584
20269.045776721272
20284.311828231206
20284.311828231206
20306.92800603526
20351.131338919484
20307.184750218767
20294.680737691335
20201.209596001627
20292.128142619567
20276.068538501317
20287.773256640565
20260.68255838308
20208.129266231885
20220.059796172824
20203.899107758618
20251.529380307005
20192.97414903967
20202.11535688374
20202.11535688374
20236.203612226218
20279.771377709236
20333.84771567407
20376.888846976806
20422.2753238797
20459.333667650004
20427.69911812122
20452.57675217456
20442.33679909888
20469.849600825313
20409.420567932673
20398.531959278593
20288.360163545356
20308.215109234738
20413.675797154312
20438.851618559904
20454.213984374128
20407.02174429463
20517.5456009167
END
