9835000978756.342
3762360362205.8496
3762360362205.8496
3009117533877.8965
3009117533877.8965
3009117533877.8965
2259303409173.615
980940603707.4049
980940603707.4049
980940603707.4049
980940603707.4049
980940603707.4049
890480159938.3628
890480159938.3628
709013412345.8927
638116908615.0361
638116908615.0361
638116908615.0361
435405288181.33435
435405288181.33435
368998505189.3284
368998505189.3284
298776150790.81714
298776150790.81714
293741177693.4358
280861199527.53424
228504908608.5522
228504908608.5522
194518584541.43134
191117909001.3958
147600004739.60156
147600004739.60156
145699753646.99362
117111425291.75555
113506427103.84193
109625064163.3312
109625064163.3312
88185856072.02817
68513158705.20503
65595001126.74315
65595001126.74315
50139207242.07048
38881866430.64755
33944874240.504433
27156450579.81716
16006273519.62991
16006273519.62991
14132915294.251963
10228719877.817533
8634047702.892237
7330613412.948478
6176462540.467016
6106303909.23926
5748303695.165207
5662952887.445762
5467170206.356911
5343111499.252666
5115317761.9401045
4976557183.650498
4976557183.650498
4963356448.004184
4942258666.887686
4942258666.887686
4927014023.0675335
4923182884.076967
4919191953.153236
4917957101.748194
4917957101.748194
4915983837.718351
4914363188.282002
4911672838.173285
4911672838.173285
4911672838.173285
4911672838.173285
4911443898.475455
4911443898.475455
4911357506.089585
4911346987.489873
4911346987.489873
4911330000.721821
4911330000.721821
4911329780.346468
4911329780.346468
4911329780.346468
4911329780.346468
4911329780.346468
4911329855.505209
4911329709.413257
4911329715.773494
4911329819.984565
4911329704.331091
4911329458.658179
4911329368.54845
4911330150.66029
4911329622.494347
4911330010.2030115
4911330186.014439
4911329642.771267
4911329856.455752
4911329639.223644
4911329601.2463875
4911329633.549955
4911329383.674073
4911329372.046851
4911330673.4503
4911329464.559846
4911329470.11494
4911329684.139869
4911329435.178662
4911329363.038337
4911329751.921555
4911329777.371575
4911330075.417722
4911330161.18947
4911329865.478954
4911329765.956094
4911329743.601971
4911329571.6605835
4911329368.155133
4911329472.497832
4911329600.022162
4911329474.641913
4911329464.183016
4911329387.265295
4911329500.038226
4911329477.065972
4911329409.772821
4911329382.223034
4911329362.40893
4911329356.35323
4911329409.662031
4911329371.896923
4911329405.359817
4911329430.458894
4911329436.633521
4911329439.488388
4911329431.475079
4911329428.200255
4911329440.082624
4911329435.562702
4911329420.780993
4911329424.856896
4911329417.279057
4911329423.7352085
4911329424.324512
4911329427.909031
4911329428.433956
4911329425.56346
4911329421.725292
4911329421.313506
4911329421.313506
4911329421.313506
4911329421.313506
4911329421.313506
4911329421.709028
4911329421.709028
4911329421.709028
4911329421.669311
4911329421.669311
4911329423.084925
4911329421.987063
4911329421.921038
4911329421.254752
4911329420.700232
4911329420.906318
4911329420.906318
4911329420.906318
4911329420.533802
4911329420.390689
4911329420.347465
4911329420.282787
4911329420.04261
4911329419.821719
4911329419.554126
4911329419.554126
4911329419.644559
4911329421.090194
4911329419.77279
4911329419.938415
4911329419.863706
4911329419.811841
4911329419.5997505
4911329419.5345
4911329419.214062
4911329419.258929
4911329419.56841
4911329419.652721
4911329419.767181
4911329419.859646
4911329420.04793
4911329419.887796
4911329419.949471
4911329419.925777
4911329419.950322
4911329419.854515
4911329419.887811
4911329419.917228
4911329419.940691
4911329419.937701
4911329419.946014
4911329419.943242
4911329419.932015
4911329420.010302
4911329420.031968
4911329420.013377
4911329420.062607
4911329420.013827
4911329420.005091
4911329420.03408
4911329420.07661
4911329420.072867
4911329420.072867
4911329420.1078825
4911329420.1078825
4911329420.0458555
4911329420.0458555
4911329420.060452
4911329420.060452
4911329420.060452
4911329420.060452
4911329420.060452
4911329420.060452
4911329420.060452
4911329420.060452
4911329378.836657
4911329385.8237
4911329385.8237
4911329380.017961
4911329378.326555
4911329378.326555
4911329376.722902
4911329375.951549
4911329372.836005
4911329368.68694
4911329373.930238
4911329369.373864
4911329366.259945
4911329363.160854
4911329361.452569
4911329361.217978
4911329360.025323
4911329360.679764
4911329361.452997
4911329363.073203
4911329362.988158
4911329365.203039
4911329365.54257
4911329366.614376
4911329365.959278
4911329366.855937
END
