20642.293958078168
16961.651836267934
16961.651836267934
13100.156299830385
13100.156299830385
12330.285151093194
12330.285151093194
12330.285151093194
12330.285151093194
10292.909594901674
10292.909594901674
10292.909594901674
10664.835887772359
10664.835887772359
10534.0833280687
10534.0833280687
10534.0833280687
10534.0833280687
10534.0833280687
10534.0833280687
10534.0833280687
10534.0833280687
10670.8259998742
10223.986757969567
10223.986757969567
10223.986757969567
10223.986757969567
10240.465821727337
10253.42783476018
10253.42783476018
10253.42783476018
10337.65905972574
10361.545768147163
10422.779796414368
10351.710355356157
10391.992070323206
10412.406662649788
10378.660532744354
10378.660532744354
10356.02860179031
10305.37761605643
10336.82672243874
10335.354850963487
10302.607694342343
10305.559382570911
10305.559382570911
10305.559382570911
10342.604035106137
10405.859355493094
10366.488944666864
10366.488944666864
10254.498540914028
10315.276941289554
10315.276941289554
10223.831874675392
10265.041109725309
10252.872570315485
10252.872570315485
10252.872570315485
10286.565495931543
10286.565495931543
10110.889260395184
10191.877109586261
10158.727343866387
10158.727343866387
10194.886709944756
10194.886709944756
10211.5048563789
10232.510264031098
10233.984903616954
10205.119709183306
10224.90381809713
10219.728801075324
10219.728801075324
10256.157773626745
10257.226486681415
10257.226486681415
10257.226486681415
10257.226486681415
10257.226486681415
10267.18064095476
10275.678494626063
10262.751223717647
10272.25379469879
10241.496326560555
10292.1400718457
10268.633843767413
10277.027639101627
10306.852919690471
10305.754494394456
10305.219603478647
10304.95574267139
10304.824708964807
10304.759416353023
10304.726826115942
10345.487964892684
10345.487964892684
10358.809476062583
10358.809476062583
10286.996978436378
10301.29695023689
10292.213467713862
10251.971344766916
10248.749357909322
10259.576972353894
10214.54570271993
10214.54570271993
10214.54570271993
10214.54570271993
10214.54570271993
10214.54570271993
10214.54570271993
10221.190884128297
10227.38106643682
10225.483609310602
10225.483609310602
10225.483609310602
10230.689441319628
10230.689441319628
10230.689441319628
10230.689441319628
10230.689441319628
10230.689441319628
10231.202820588418
10231.202820588418
10231.202820588418
10232.451225240724
10230.669691504576
10233.041346019034
10233.041346019034
10235.58737149071
10235.58737149071
10235.58737149071
10235.58737149071
10235.58737149071
10235.58737149071
10235.58737149071
10235.58737149071
10235.58737149071
10235.58737149071
10235.48517163194
10235.48517163194
10235.48517163194
10235.48517163194
10235.48517163194
10235.48517163194
10237.987074977482
10238.502114411158
10239.220028298656
10240.234849759516
10240.683999028555
10241.948612842667
10242.447511796756
10243.365212592123
10243.785222810126
10246.520171989783
10248.449788346476
10251.207927206962
10254.311544686638
10257.770555707639
10262.527959219162
10276.84433258422
10284.754446464267
10294.979537242907
10307.991443173458
10323.406059810253
10340.673498768992
10355.295120344677
10394.68806790141
10422.717595577364
10436.857302040433
10432.28358687392
10433.461851406975
10434.254101071518
10436.778127892754
10436.308127569999
10436.308127569999
10436.308127569999
10436.082038636388
10436.725481435376
10436.487185586158
10436.4096870041
10436.37093899066
10436.451227833473
10436.451227833473
10437.337480844995
10437.337480844995
10437.337480844995
10437.337480844995
10437.334137442915
10437.336318130736
10437.442690115766
10437.495876206096
10437.495876206096
10437.495876206096
10437.793710710726
10437.68547902175
10438.624967715563
10439.36394229312
10440.289330462081
10441.512149722912
10442.480226222087
10444.238282253631
10446.007575758216
10448.105395655737
10450.521990285513
10454.298730554116
10457.056851502475
10460.344583510967
10464.204870385842
10468.77639555282
10472.774391216495
10481.479236682379
10487.997391263416
10496.016279795365
10503.493166445503
10512.853042721637
10520.033171172485
10528.50402437211
10547.52247022311
10561.207180324072
10578.333227750252
10596.449017560297
10619.849095333435
10651.825406462569
10651.58263780338
10651.58263780338
10651.58263780338
10651.922955943595
10652.253462407725
10652.253462407725
10652.683729017095
10652.40689104276
10652.512604786843
10652.321069888814
10652.646127327162
10652.646127327162
10652.78540471632
10652.78540471632
10652.78540471632
10652.78540471632
10652.78540471632
10652.78540471632
10652.78540471632
10652.76665178539
10652.766884458906
10652.766884458906
10652.776560653394
10652.794083006742
10652.794083006742
END
