17205.199479409173
23614.4903511824
22338.57927142836
13109.28577055117
14569.492393035742
14569.492393035742
14569.492393035742
20380.59077434161
20380.59077434161
20380.59077434161
13705.824023966066
13705.824023966066
13705.824023966066
13705.824023966066
14675.725398361476
14675.725398361476
14688.208929336837
14979.876759792265
14979.876759792265
14180.248920940081
14180.248920940081
14284.867328651726
14284.867328651726
14284.867328651726
15166.108476233916
15166.108476233916
15166.108476233916
12824.005044073921
12824.005044073921
12824.005044073921
13683.976213049946
13683.976213049946
13687.017884574021
13524.32959726934
14034.551686383647
14034.551686383647
14062.118415478097
14062.118415478097
13691.434759044138
13355.133086826781
13492.315611316422
13671.193094034978
13671.193094034978
13479.3776803113
13482.982710774386
13531.774309158087
END
