25101.626465846588
21041.65558805463
24400.830759550623
22554.166001950056
22554.166001950056
20544.659314415105
29755.925439713006
29755.925439713006
29755.925439713006
29755.925439713006
29755.925439713006
29755.925439713006
29755.925439713006
29755.925439713006
29755.925439713006
29755.925439713006
29966.352568875896
29966.352568875896
29966.352568875896
30983.33291793144
31281.267573314195
31281.267573314195
31281.267573314195
31281.267573314195
31281.267573314195
31281.267573314195
31281.267573314195
31281.267573314195
31441.143978698572
31349.44392982137
31349.44392982137
31349.44392982137
31550.05712061241
31550.05712061241
31550.05712061241
31668.761615016112
31644.367590167996
31632.30670808761
31645.484724896283
31663.668808760387
31346.709204973537
31441.420250109637
31441.420250109637
31441.420250109637
31998.542995064803
31842.024705323252
31842.024705323252
31837.580769259705
31837.580769259705
31837.580769259705
31820.443747334008
31538.98109504154
31538.98109504154
31548.209746022738
31591.81992512923
31577.38056673338
31640.09267443273
31660.72101407745
31470.75914216428
31499.44703243696
31499.44703243696
31480.344751374905
31584.535751299987
31572.539242939183
31572.539242939183
31570.529357568106
31535.153735608295
31535.153735608295
31548.172591533425
31523.51285380037
29059.40254591485
29757.97305418575
29757.97305418575
29738.009862802297
29686.4376642473
28585.51389335723
28336.207701349344
27674.614413492534
27078.731183045405
27616.334361739908
27081.493692873577
27400.33176497028
27400.33176497028
27145.49015132145
27137.463977525564
27137.463977525564
27462.114048176114
27416.347235348578
27599.288512494597
27588.713732256172
27636.285179946586
27729.116525297955
27793.77298940956
27871.7751580173
27807.800317242883
27846.514755173026
27747.752364569227
28102.468808020665
28048.634495190367
27987.949255772357
27897.88042154876
27851.097767329175
27829.127414996183
27792.922024261643
27815.173527144885
27813.93977230676
27886.59470938737
27872.239364018787
27901.948212415617
27926.120514147842
27937.966542253642
27934.84452815971
27965.85178693833
27953.575071077754
27955.908857234106
27959.360502103627
27961.75837572955
28000.11530018726
27954.270498516467
27960.736611193483
27958.758147368953
27949.639251218156
27938.339897230435
27934.088626739373
27924.014185943866
27903.36198505624
27894.87899935719
27883.551600717885
27864.357090190246
27860.975784125418
27856.04588478403
27853.693432249107
27846.624974806626
27841.106200061782
27843.878391282535
27840.569860327378
27839.01075269476
27841.60298014924
27838.903550901152
27839.445366067583
27841.694724172143
27841.694724172143
27844.15112463029
27843.029943593316
27840.94376679277
27842.638272589887
27841.892397568627
27842.312996101755
27842.259615296192
27843.146285992632
27843.37790549383
27843.910744097735
27844.21874505114
27845.10883801404
27845.12747033944
27847.14758226624
27846.624744491786
27848.413648564558
27848.62183519207
27848.94042095129
27849.095543759093
27848.900573399686
27848.593109654666
27848.287219931823
27848.71408921144
27848.04682793718
27848.017772854186
27848.06922239669
27848.01112077487
27847.939786319854
27847.945710190554
27847.975758228953
27848.062278674006
27847.948278092554
27848.010958265073
27848.038321464497
27847.947938583857
27847.911792022973
27847.859118470173
27847.778407917373
27847.75862628538
27847.688302226525
27847.681631071217
27847.675526524064
27847.61102639367
27847.618037533623
27847.599391936856
27847.567684824917
27847.527388381735
27847.5055858763
27847.476995047236
27847.477445891367
27847.470170522058
27847.47423805064
27847.47830456627
27847.478044911826
27847.47492006608
27847.482399673292
27847.479022903397
27847.476176949567
27847.474830856805
27847.47128336279
27847.473008665023
27847.466384857347
27847.464334855027
27847.462378732198
27847.459443876178
27847.458632825543
27847.45679555861
27847.453590323763
27848.338513717288
27848.171617251497
27848.592167249648
27848.864382747965
27849.126429454325
27849.340430679593
27849.11886056651
27849.25622667547
27849.59726854043
27849.911034546363
27850.318819464464
27850.4351087755
27850.7000526981
27850.805822846298
27851.208966332328
27851.351884213153
27851.367360416058
27851.67051988031
27851.7454465701
27851.809096968078
27851.749602503325
27851.672866013058
27851.79452218872
27851.54685050222
27851.527739727433
27851.52519603666
27851.27463058007
27851.373655030027
27851.14071749115
27851.215400055127
27851.023480263455
27851.100576448865
27850.98585005852
27850.980581058815
27850.972956982732
27850.94810410119
27850.94208147084
27850.800622403345
27850.874751099247
27850.82911883753
END
