15464626649359.96
4354720575321.2837
3002268047080.187
2191573446463.4
1998872049284.309
1998872049284.309
1998872049284.309
1164543821402.9297
1164543821402.9297
981027821536.8373
981027821536.8373
981027821536.8373
981027821536.8373
880987948377.4453
880987948377.4453
438964167200.60657
438964167200.60657
438964167200.60657
204856707545.7286
190301275911.57874
190301275911.57874
190301275911.57874
190301275911.57874
190301275911.57874
190301275911.57874
165468921403.81653
165468921403.81653
165468921403.81653
165468921403.81653
152823620019.02286
127061262972.06416
109252829197.78673
96611447113.92102
87232152314.22969
65196902317.102486
56149144980.257065
50544192987.78439
43575886199.1244
35395226841.32077
35395226841.32077
34928556903.716995
32926208450.87156
32450448381.333084
32397036313.71875
31445165905.649826
31445165905.649826
30745298050.942287
30270328413.248207
29916147791.33939
29425988938.71516
29010736566.71331
28572773724.811058
28421229608.570415
28093818114.95082
27868035787.092083
27624863807.85036
27521386675.77131
27333403784.374466
27124154545.22034
26846590667.94726
26631642737.608135
26413210421.62916
26173426317.883163
25744287278.37816
25499352149.928463
25271336765.832096
24986163806.178253
24826387429.180798
24649481312.60882
24474746080.986305
24294107674.663464
23557440835.06739
22156496147.766987
22087027074.268623
22031939800.23613
21967255779.95529
21900857448.82171
21816350827.315517
21744394844.355362
21676601991.97912
21608545583.94881
21552722345.336613
21451580365.41562
21378381960.093685
21320557376.528854
21224891932.75475
21157013760.226177
21028273527.21722
20911075746.95706
20797389446.16507
20755100946.980484
20724678467.59933
20704921841.420082
20687741977.471237
20678961304.556988
20663228450.19594
20649831852.80675
20622630657.783627
20604678715.883884
20574085534.542034
20542533670.482597
20508595919.86429
20469963486.554718
20406426623.740265
20372514582.09595
20303636980.831112
20220903105.417706
20130553643.724598
20057440287.134563
20003544561.736336
19971208385.91995
19923743978.567085
19848927315.771404
19749616787.79013
19674667830.870174
19545173436.906044
19434363150.68608
19328490107.441116
19242757687.06425
19139922949.111847
19063672752.796753
18959907160.47377
18903557948.916424
18828887081.550526
18781590408.363445
18706172741.569443
18635267473.00403
18559196472.819374
18479519897.312473
18392363670.795162
18303338860.999695
18218202832.796177
18149819152.89139
18059045412.765404
17981441698.006596
17899379526.553284
17824343316.592262
17738397762.980106
17648810735.022312
17573463132.799667
17420032557.3308
17291069397.09906
17156382106.380396
16864337673.26787
16702158655.613876
16528693291.19354
16453024610.276312
16430546884.972725
16430546884.972725
16430531672.505026
16429538482.764076
16429357071.245739
16429239112.519085
16429239112.519085
16429239112.519085
16428681896.609207
16428681896.609207
16428560989.095795
16428453182.631779
16428185851.097673
16428185851.097673
16428164565.83971
16428046842.948658
16427963733.917168
16427887489.834553
16427836323.696358
16427331545.732632
16427131485.891916
16426493049.947954
16426196380.540834
16425717460.355494
16425205615.832283
16424578998.360228
16423912578.358007
16423362566.874369
16422915128.048695
16422098260.21657
16421341266.434355
16420807102.325476
16420253406.342787
16419792851.483341
16419405272.225826
16419188289.534073
16418912429.58603
16418655006.211004
16418207222.229305
16417739682.00249
16417304719.102814
16416712219.691225
16416019963.810808
16415145737.991667
16414451437.295313
16413790157.313343
16413069286.211985
16412186304.550037
16411396172.338938
16410596265.353672
16409879767.329071
16409182672.726091
16408624874.546902
16408472918.824072
16408454749.350054
16408452769.015362
16408446032.865118
16408440515.805084
16408434072.413275
16408427996.90774
16408419686.492887
16408410541.144638
16408404298.649626
16408397602.979805
16408389410.556517
16408386710.78778
16408381970.163101
16408380268.011572
16408379009.594069
16408379009.594069
16408379009.594069
16408379009.594069
16408378975.9908
16408378982.284578
16408378965.264719
16408378933.083786
16408378933.083786
16408378883.595245
16408378883.595245
16408378857.987293
16408378812.019533
16408338998.438936
16408318883.284977
16408296713.963827
16408295063.347488
16408294921.424164
16408294921.424164
16408294994.903322
16408294923.295603
16408294917.808388
16408294973.417234
16408294925.425667
16408294927.63874
16408294919.404312
16408294915.778135
16408294932.80548
16408294948.099228
16408294940.21812
16408294959.42115
16408294918.297394
16408294927.708979
16408294937.001034
16408294921.753357
END
