311.82435148683027
303.68961221288055
296.52415398752055
298.3218591662039
298.3218591662039
298.3218591662039
298.3218591662039
301.784782514737
301.784782514737
301.784782514737
301.784782514737
303.05548125078815
303.05548125078815
303.05548125078815
303.1969786754603
303.1969786754603
303.1969786754603
303.1969786754603
302.4552946717756
302.4552946717756
304.2370372744847
304.2370372744847
304.2370372744847
304.7711226581098
305.88455675348587
306.0017804455962
306.0017804455962
306.0017804455962
304.398394020052
304.3971431750715
304.54971272388036
304.54971272388036
307.0513965828821
307.0513965828821
307.6170413629494
307.1837887189626
304.12775606005073
306.27750078346264
305.1912817983779
305.9047564757072
306.5501121505016
306.4152149284061
306.00477784754077
305.91408264633463
305.9058683415054
306.1897881986836
306.18620444484617
306.18620444484617
306.50663145291907
307.2651609730302
306.79167580817335
306.8966044367645
306.99871544436365
306.7346303454671
306.8978598106964
306.78335450115145
307.0356854882551
306.720370979672
306.7720954455764
306.9129136315231
306.8481053396617
306.82089331374954
306.7806636211006
306.7806636211006
306.9674748263355
306.7237265502366
306.86102157017
306.83161033454166
306.8082963585115
306.82032070128645
306.15946516130725
306.6003802376714
306.38493244301367
306.1048071563499
306.2130111789429
306.04820717266836
306.13529226932604
306.0984200440942
306.22294874172445
306.49641926554926
306.11596567906895
306.0557266832403
305.8518994824499
END
