287.6227909396829
283.2048410597659
283.2048410597659
283.3130510232823
283.3130510232823
283.3130510232823
284.3293567657647
283.3734648926341
283.3734648926341
283.3734648926341
283.3734648926341
283.3734648926341
284.58540302817323
284.58540302817323
284.380358614023
288.0339850367047
288.0339850367047
288.0339850367047
288.01215685391065
288.01215685391065
285.7606679971413
287.3497755550757
288.13920654242315
288.13920654242315
286.57940236422303
286.57940236422303
288.4814505428612
288.4814505428612
288.04158905651866
288.04158905651866
288.04158905651866
288.04158905651866
288.6307488734208
288.6307488734208
288.6307488734208
287.5235398788176
289.4703704298935
287.9364056467003
288.2219338584075
287.9529266603494
287.9529266603494
287.9847591333624
287.9847591333624
287.18446401510784
286.8076852697353
286.8908450532693
286.8908450532693
286.8606382339176
286.1289865945432
286.11772289280805
286.48920635306587
287.8794072261572
287.38333272892055
286.5642420216027
287.28727777998876
286.72491349785514
286.72491349785514
286.72491349785514
286.72491349785514
286.89903726854766
286.89903726854766
286.89903726854766
286.95293069392864
286.55505113514334
286.6851373492865
286.92342904434634
286.7941422145719
287.0737418330639
286.8061856694156
287.0301435852291
286.9996698310456
287.1774108911375
287.4047288023184
286.9387033423595
287.3447244600239
287.74453201657536
287.9185174158285
288.3637592611206
287.8286940956421
288.38547454387435
288.51305112464524
288.51305112464524
288.51305112464524
288.51305112464524
288.4730535244846
288.6022607762207
288.6022607762207
288.63789202320544
288.5530431102207
288.5530431102207
288.75022457163107
288.5672208065764
288.54034398512295
288.42016550845096
288.4316648431364
288.45627266724705
288.43100598374724
288.43164042467384
288.3729654609545
288.38594669022893
288.39784463363367
288.4147839428074
288.42557321380394
288.412176704143
288.37533676823256
288.3897693120888
288.3837192471997
288.3245104042387
288.41021677409367
288.40599841185985
288.41983880533076
288.3617924803918
288.38643608312395
288.4167585784857
288.5783979368722
288.61435124177837
288.68811214377536
288.68811214377536
288.707131921671
288.707131921671
288.3758859769389
288.38536419069817
288.2150134398683
288.22421776199076
288.2003098845914
288.2217833182027
288.2217833182027
288.16642118533866
288.16642118533866
288.1317251813238
288.1264983795626
288.12353325073775
288.24372258801867
288.0114837213921
288.0114837213921
287.9455717496562
288.02772188414497
287.97580820982904
288.1995430925843
288.17484515985103
288.2458338751779
288.32056955386486
288.461610715933
288.6953908654579
288.3433871473089
288.60516853289556
288.55879784792364
288.2821234518202
288.00953546049516
288.2534944778041
288.2534944778041
288.281559692828
288.4566116061386
288.28827717534705
288.71443000410267
288.71443000410267
288.66948230605107
288.66948230605107
288.4862571400129
288.3776928343163
288.683931948306
288.9245574476253
289.04418030714595
289.0997277507306
288.35724041872277
289.03874179214546
289.186962533481
288.3732156837298
288.8111316847647
288.97559614696814
288.81440432872523
289.2259797514741
289.0034983469054
288.45918400739583
289.05331822414576
288.8437277415636
287.5161668983106
287.9667100022841
287.49899937607705
287.49899937607705
287.8011730245943
287.88623976699483
288.54460038225847
288.54460038225847
288.54460038225847
288.54460038225847
288.59079724566584
288.6500986420065
288.6500986420065
288.6500986420065
288.6500986420065
288.7335949275783
288.7797916493902
288.88083231669106
288.88083231669106
288.9002681945923
288.9452396843491
289.0297039347636
289.05882593257905
289.13559547653347
289.20302314858736
289.16753500012123
289.22131893546515
289.2309802150164
289.23015402483844
289.2373605254709
289.2292181783424
289.25004988866914
289.2423355242658
289.2789466696563
289.2581383628709
289.25202578161156
289.2621025764401
289.2621025764401
289.2754878211447
289.28676164945915
289.2738465906327
289.2985059087625
289.3031981809141
289.29130857275817
289.29365150433586
289.29365150433586
289.29517095667796
289.2997746943477
289.30043269857504
289.30332928214705
289.2896563744619
289.2895708194558
289.3034773011992
289.31003959837074
289.3141390531226
289.3169165312279
289.3170848750199
289.314451532771
289.3164827652338
289.31831355371764
289.3171749768272
289.31534638971533
289.31708939272414
289.31983485569407
289.3238012270031
289.3235445207097
289.3265579280794
289.32444089191216
289.3223311359605
289.3235212397673
289.3195840012655
289.3197954006419
289.31227467834617
289.29670269211266
END
