17205.199479409173
23614.4903511824
22338.57927142836
13109.28577055117
15631.969512500988
15631.969512500988
15631.969512500988
14794.25046049392
14794.25046049392
16026.308744493805
16026.308744493805
16026.308744493805
16026.308744493805
13107.060316566469
13107.060316566469
12817.980043262743
12817.980043262743
12817.980043262743
12575.865639210628
12486.094342415843
12486.094342415843
12486.094342415843
12486.094342415843
12486.094342415843
12486.094342415843
12484.192276545102
12484.192276545102
12484.192276545102
12484.192276545102
12487.885029638528
12445.971840877351
12452.756611992349
12642.4921389389
12640.91880968746
12664.595624086
12665.878506062523
12680.480381326543
12567.006971369745
12573.79507383851
12573.79507383851
12583.478285586214
12585.726174249183
12586.47129592561
12586.903478154367
12611.041683371866
12611.041683371866
12638.169208633455
12650.925245941273
12625.022707221153
12617.154710454284
12637.463820763358
12634.424593479847
12630.288905634301
12645.728827826628
12660.364253466656
12648.514378362073
12640.024048922314
12623.277912068737
12609.113569352208
12607.466646218805
12606.263489366866
12591.566046482061
12611.554630856881
12609.0593515446
12612.736253637831
12617.689592949846
12625.21968307629
12611.105943792232
12619.287380662012
12614.340703515321
12611.943673194608
12580.441650555676
12594.204320762165
12578.887004528306
12620.150020535788
12622.662070202434
12648.805311885175
12677.390279906826
12694.243140206388
12710.197012622997
12737.031186282307
12707.161539907313
12756.367626295963
12728.26056133986
12730.312596234595
12750.118212112548
12736.177628602116
12752.149638070514
12755.980957733424
12755.764001021875
12764.13293714881
12756.855425079673
12755.385662836465
12765.539489878298
12755.321067484416
12759.827912402598
12757.86399483519
12756.664184601035
12756.651569674212
12762.644999881257
12774.717868751219
12777.49786484463
12785.767111377183
12784.311276783594
12783.023183134712
12784.661396966494
12792.682525322116
12789.97079337998
12801.155259836381
12798.175415250611
12803.553057629064
12806.605670238863
12811.126637679867
12807.595110817774
12803.797934882368
12807.419627964653
12805.378799730515
12804.750071827231
12808.054073306463
12812.196755397938
12812.890145285111
12815.71976129022
12816.410286285269
12813.351122723452
12817.009563913918
12814.974393665085
12817.554501101524
12819.092708926762
12819.991948888779
12821.401300458721
12825.296629308905
12826.65199553705
12829.054439441246
12831.19283699269
12835.08209753742
12836.901224489278
12839.530278310354
12841.497619357615
12844.972067245588
12846.570460108565
12849.458359202674
12853.52514719879
12854.266244215418
12861.275845773793
12861.657322436515
12863.18430479845
12863.952905901913
12864.302207389968
12864.302207389968
12863.978308505131
12864.007921355715
12863.82500915763
12864.185764515916
12864.185764515916
12864.185764515916
12864.096402611945
12864.096402611945
12864.180631650468
12864.153231433538
12864.155365352493
12864.155365352493
12864.139510697722
12864.149949312334
12864.21636040245
12864.189339997658
12864.231928745026
12864.312881973152
12864.264185054893
12864.362195644104
12864.363037458283
12864.483351962452
12864.585561596603
12864.704186904251
12864.782145403198
12864.647651202218
12864.845436477297
12864.932373610874
12864.938372436
12864.799753128791
12865.203686478886
12865.136248774434
12865.205286088954
12865.240901301077
12865.175972005605
12865.142302934819
12864.902712399427
12864.941048033917
12864.843151317076
12864.786054567732
12864.782215612
12864.742527400069
12864.809205264242
12864.776992021167
12864.780059336903
12864.764013957516
12864.728477499368
12864.682247365989
12864.632902751535
12864.588961969454
12864.518585227852
12864.45206091772
12864.468853772225
12864.454043612332
12864.4203976336
12864.438991892133
12864.442184099968
12864.43255835746
12864.445339423008
12864.42992033121
12864.419833202537
12864.40163321607
12864.405303323743
12864.394054309281
12864.446434034164
12864.40483855782
12864.459559278148
12864.459559278148
12864.459559278148
12864.459559278148
12864.451070712399
12864.465239369947
12864.471836465731
12864.461357476492
12864.461357476492
12864.449081207127
12864.449081207127
12864.443370658279
12864.43467119599
12862.793156218835
12862.373968599004
12861.927017452097
12862.71308584328
12863.108356613717
12863.108356613717
12864.73206398929
12864.829821523035
12866.761286660882
12868.05787305395
12869.877566769312
12872.69060592739
12875.919320829948
12880.527694910614
12886.143155710874
12894.212809122098
12901.67008953846
12911.38070349101
12923.091211638388
12938.759570660659
12952.908284572322
12954.417665284029
END
