316.8719871133758
308.4715237824433
299.14398538716
311.197031620516
311.4067884459273
312.9132545255788
308.3612491950091
308.3612491950091
308.3612491950091
308.7451657465805
309.46850013153687
309.46850013153687
309.46850013153687
309.46850013153687
309.46850013153687
310.75543981410294
308.1721854842877
309.98122189606005
307.22177855894404
307.22177855894404
307.22177855894404
307.22177855894404
311.39117214992706
311.26161944876753
311.44405695528235
311.44405695528235
311.3913037004256
311.3913037004256
311.3913037004256
311.3913037004256
311.8221186906867
311.8221186906867
311.84925547213794
312.9954989518122
312.9954989518122
313.0766002836152
311.48989315020333
311.48989315020333
311.48989315020333
311.91871037135166
311.91871037135166
311.91871037135166
312.360310726911
312.360310726911
311.9241168132724
311.5657681352629
309.5806242307187
309.5806242307187
310.29598961261644
310.29598961261644
310.29598961261644
310.29598961261644
309.77250567608644
309.6063524151181
309.6063524151181
309.6063524151181
309.6063524151181
310.56313898992835
310.70174978858034
310.44840293480746
308.82097092741225
309.14605086012966
311.61935959488727
310.71052562530014
309.8021821853977
309.87649875865094
309.87649875865094
310.02411400038784
309.7678642813362
309.82309576557225
309.82309576557225
310.10374369384533
309.7382350969746
310.16537495415406
310.2056620416523
310.56462328877296
310.5148859236183
310.7139476471392
310.65124192188546
311.32395896699694
311.27880283303796
311.0823950136359
310.0338023496383
310.67979958489894
311.9000671782395
311.9000671782395
311.9508742061589
311.9508742061589
311.78835131089687
311.6868453779001
311.79524468928656
311.77541639816184
END
