19165.76320293177
21901.921862835916
21901.921862835916
19828.128791702282
19828.128791702282
19828.128791702282
19066.342163621215
18609.90981851911
18609.90981851911
18609.90981851911
18609.90981851911
18609.90981851911
18578.829465832794
18578.829465832794
18560.81452921155
17415.76238113905
17415.76238113905
17415.76238113905
17493.223332095855
17493.223332095855
17381.803292579425
17381.803292579425
17779.22104446959
17779.22104446959
17908.662099355563
17560.001047761383
17799.823736058752
17799.823736058752
17674.91778876153
17653.337129930416
17599.119845290596
17599.119845290596
17785.29277293093
18176.930995140683
18479.637090835015
18566.385567821788
18566.385567821788
18490.390503762254
18219.522088861282
18343.353085182483
18343.353085182483
18514.084959101012
18376.16374552088
18372.690497174164
18341.96005460112
18413.2570422778
18413.2570422778
18409.75968325296
18465.493551284617
18379.45982670357
18379.26310441891
18382.106225072268
18389.281210669316
18276.20670550978
18335.10795733645
18274.376935442946
18253.92096433234
18249.57743116626
18305.694699392094
18305.694699392094
18285.144209589227
18293.70902157519
18293.70902157519
18302.822108117907
18290.33393077037
18297.086765363067
18280.60800755224
18280.60800755224
18277.968866183954
18272.886237455976
18259.331528371877
18259.331528371877
18259.331528371877
18259.331528371877
18269.008943418776
18269.008943418776
18270.173803999056
18274.49049018212
18274.49049018212
18282.33023349784
18282.33023349784
18284.099086152797
18284.099086152797
18284.099086152797
18284.099086152797
18284.099086152797
18288.43795832704
18289.745991271542
18292.811836987
18295.500326198995
18297.016006429272
18297.6697709293
18299.871560091397
18316.04213577731
18316.862394945612
18328.801989035193
18332.326775926536
18340.87239568169
18350.075723757
18354.470244237138
18360.041683625877
18360.86537294526
18366.348335214872
18378.40268076822
18396.55518909032
18410.98809193463
18435.090644032098
18453.695104315455
18477.918806309193
18487.508964673398
18514.45296184562
18544.648625026966
18576.631753897484
18608.75312590486
18626.74284752872
18626.51776486466
18630.872616070894
18637.4382123577
18637.10810945798
18642.472558902948
18649.911689686647
18652.795584781918
18659.141284395842
18646.094678625
18676.39616442422
18672.700878285672
18677.471115129065
18687.463674136307
18690.359526162116
18692.881013123355
18699.085757872705
18701.224456246644
18702.181911135052
18707.38932748058
18705.53250591031
18707.601678459734
18708.78581153804
18712.15087349606
18713.985675822387
18719.078435452335
18723.087843734324
18728.93621102198
18737.00672573372
18744.37107462398
18755.247159752922
18766.208540262134
18778.306095444303
18791.469629178217
18801.94152676835
18804.51501051052
18804.51501051052
18804.51501051052
18804.51501051052
18804.51501051052
18804.577562003065
18804.577562003065
18804.577562003065
18804.62695550092
18804.62695550092
18804.74034081002
18804.834934615832
18804.794408991784
18804.79803975482
18804.74543003771
18804.808850177833
18804.808850177833
18804.808850177833
18804.824529024263
18804.795393435656
18804.789931329913
18804.820599395163
18804.7987462129
18804.83774034284
18804.804501787992
18804.804501787992
18804.79620731528
18804.81964177246
18804.765567174392
18804.757598435302
18804.77914804077
18804.791989530357
18804.789138878536
18804.765617231675
18804.793581878184
18804.804892911023
18804.70425157282
18804.711824990514
18804.69424042685
18804.644144764323
18804.65302764892
18804.677677296306
18804.66375522574
18804.76223504947
18804.901420155176
18805.008152198505
18805.22678859887
18805.413307383307
18805.670855109325
18805.92240123535
18806.23800817597
18806.512020089787
18806.99243768514
18807.62971159489
18808.421557549114
18809.287690830643
18810.81255241405
18812.62728141852
18814.726742404397
18817.62167298493
18820.743836571186
18821.764084114402
18821.764084114402
18821.701182993587
18821.701182993587
18821.674788928183
18821.674788928183
18821.763972942972
18821.763972942972
18821.763972942972
18821.763972942972
18821.763972942972
18821.763972942972
18821.763972942972
18821.763972942972
18821.569741661217
18821.7104337492
18821.7104337492
18821.64244905752
18821.737652932687
18821.737652932687
18821.73245287891
18821.773880740955
18821.757873238617
18821.687440131136
18821.754181106648
18821.788202209747
18821.850720986953
18821.869731209797
18821.94581847347
18822.03064760816
18822.099878814042
18822.14919935419
18822.26216496033
18822.352806146097
18822.438010131867
18822.615459471774
18822.836441295563
18822.9607236886
18823.23591753062
18823.592086523407
END
