24543249250283.086
6522260078654.224
5545119514186.762
2069413823095.1453
2069413823095.1453
2069413823095.1453
2069413823095.1453
1710937298800.4565
1710937298800.4565
1710937298800.4565
1710937298800.4565
886611847640.2737
886611847640.2737
886611847640.2737
825593554490.8688
825593554490.8688
825593554490.8688
825593554490.8688
796813422113.1162
796813422113.1162
330578544179.4725
330578544179.4725
330578544179.4725
299908623820.71857
232305175158.35126
197929071320.0583
197929071320.0583
197929071320.0583
182838390145.09918
156954742809.27582
139645898184.00015
139645898184.00015
99892616252.91457
99892616252.91457
96971220272.34439
95567767423.01738
59367915483.83785
46546624334.27161
38530321660.12603
31350372601.89148
23415226281.58192
15634417995.659319
15268799822.168964
12251558799.890238
10194464625.33811
8871813747.447239
8539821092.566535
8539821092.566535
8430505195.053697
8195074216.51969
8180873180.822691
8165412572.613105
8141653658.30237
8075315143.822122
8027793271.266316
8025400660.383935
8005883441.2228365
7946400140.067974
7927311942.333507
7901897818.169111
7862032625.889199
7845728192.912756
7779630413.176454
7779630413.176454
7747094011.339138
7718859600.003675
7648829123.080843
7576083570.041026
7539627643.96272
7491435204.937461
7341567697.977609
7130621362.070225
7069786821.319051
6277465691.086303
5380360225.656314
4547887122.236582
3014931195.973651
1969452205.8260055
656700726.8469915
185081361.18724954
24213196.499709237
5866760.500891042
0.0
END
