264.7080029806289
254.68384880734902
263.39928842201414
258.9174641597653
262.83237901784156
262.83237901784156
262.83237901784156
262.3313251487833
262.3313251487833
260.02401311203823
260.02401311203823
260.02401311203823
260.02401311203823
257.1629639826956
257.1629639826956
259.8824993161403
259.8824993161403
259.8824993161403
260.86333539212666
259.979880828039
259.979880828039
259.979880828039
259.979880828039
259.979880828039
259.979880828039
259.97538452146847
259.97538452146847
259.97538452146847
259.97538452146847
260.022310786517
259.7562427187388
260.0927485805474
259.91858945303886
259.142798515215
259.909876396266
259.88943453688336
259.855531003021
261.4115620596075
260.83143187272725
260.83143187272725
260.9734951040693
260.56834984306863
260.46897714544167
260.4219593709201
260.5635339625661
260.5635339625661
260.72325026626396
260.9677398357141
261.0049998475933
261.01054457208943
261.13529751056024
261.2013144196571
261.07801058395387
261.27911303455477
261.3159571320153
261.093252447114
261.0359574153027
260.8674234442352
260.80907776939944
260.84044865036617
260.8117645650508
260.76874158885903
260.78052754300137
260.82791364159976
260.8440161409675
260.84885465843234
260.93090296915625
260.93043406217544
260.9360870595128
260.9471876785659
261.009552791681
261.2865496073429
261.07217099810595
261.2120958717776
261.237549723268
261.339680508612
261.23912136456414
261.3084597840552
261.38938067550174
261.3156008933528
261.54524705591155
261.4377989411278
261.4736964301544
261.44028607606657
261.5472913638395
261.6939094892355
261.8294208720287
261.8427810202144
261.72471725293866
261.6650195463337
261.74498185428575
261.71615749765334
261.7911693717773
261.7575122104121
261.7823547589462
261.7432680510311
261.82088700505153
261.86630089620854
261.8902482174308
261.8789998100296
261.91246771556985
261.8944107657933
261.85160997222056
261.8715067106888
261.82212686244566
261.73688676894653
261.86088155598515
261.8898811881161
261.90185006775886
261.92354478227037
261.9884806822485
261.94317576255366
261.9148616293174
261.75526948777974
261.6948756726272
261.6260807381898
261.531745999456
261.4630192529574
261.42721928148484
261.3817604662648
261.35693759985924
261.3011198306845
261.28358907173117
261.24297276128385
261.2382946937358
261.20979413311005
261.2203244533173
261.2147013485235
261.21559361271295
261.2296280797338
261.25102473855003
261.2620375825268
261.29504738893695
261.3351294057445
261.38375171657594
261.4186148899493
261.45476411818765
261.4847924843684
261.5364606135617
261.5615272109527
261.6134464023002
261.68448497656004
261.73352089707794
261.85198869407276
261.87198466436246
261.91342386807605
261.93587821154324
261.9550453056243
261.9550453056243
261.95268142061684
261.95273232917634
261.95156566447497
261.95337010928796
261.95337010928796
261.95337010928796
261.94843600990663
261.94843600990663
261.9509229965933
261.9522022772096
261.95017703638916
261.95017703638916
261.95179185830955
261.94997611653326
261.9515790587594
261.95223467964024
261.95216865141344
261.95155085593865
261.9515521959308
261.95176151841923
261.9514853069116
261.9508977864545
261.9536001003338
261.9538556097237
261.95198001708894
261.9552420755777
261.9527943224211
261.9533767635209
261.95639604081066
261.9564178759262
261.955556494231
261.9567788208248
261.9564716435311
261.95953619350894
261.9595961224135
261.95968663876295
261.96125313534264
261.95977939393384
261.9605810825733
261.95988953624595
261.96102779019895
261.96112295039836
261.96087103696317
261.96092045402503
261.96218874717306
261.9615324869025
261.962673977194
261.9631380064358
261.9628483369326
261.9642237523316
261.963035684699
261.9623814916352
261.9643947978115
261.964152968621
261.96523263020003
261.9649735775808
261.96482309953274
261.96571486042546
261.9662288543553
261.9660368036951
261.966482060246
261.96611505005217
261.9670206965599
261.96676042422104
261.9649367378622
261.96697606008814
261.96550426116863
261.96550426116863
261.96550426116863
261.96550426116863
261.9658607253967
261.9671043387949
261.96641771671733
261.966555328753
261.966555328753
261.96693125112614
261.96693125112614
261.9653832482652
261.9665726766621
261.9704989637433
261.9730298992032
261.97498563674
261.9787981925812
261.9826950773203
261.9826950773203
261.9828227729975
261.9836409936431
261.97934709307776
261.9815267566035
261.97986781276956
261.9818974829362
261.9828847726877
261.9822158441272
261.982304349662
261.98092423102304
261.98252567825614
261.9815565493859
261.98153600118553
261.98222837460526
261.98099485562534
261.9817432863586
END
