323.78446269197815
318.6638547775043
322.982694673992
311.421069343629
313.70616503929966
313.70616503929966
313.70616503929966
315.4404140741026
315.427945812305
315.427945812305
314.4520958592381
314.1641459147824
314.1641459147824
316.80447672658175
317.50755553074634
317.50755553074634
316.4226398298311
316.4226398298311
315.9515922483532
315.9515922483532
315.3578543068835
315.3578543068835
317.2233002696811
319.8455955252199
319.8455955252199
319.8455955252199
319.8455955252199
318.618663235039
319.95409728108467
319.7484427106181
319.7775223100916
319.7775223100916
320.09928631251574
319.81464777659005
318.8802161448079
318.8802161448079
318.8802161448079
318.8802161448079
319.4930947717794
319.9513997207978
319.9513997207978
319.1848904609401
319.46433568070745
319.46433568070745
319.9508802667704
320.24388977658725
320.24388977658725
320.36840796534074
319.7070187466118
320.3200327189938
320.3340727179772
320.2412818829403
320.2412818829403
320.2412818829403
319.46133400159965
319.6904415615617
319.4822907123293
319.17439985232704
319.5414076616185
319.6362389377695
319.70966765194714
319.84490552267425
319.8998814265142
319.94997469889546
319.92144133624174
319.8086754079089
319.3324234009689
319.4129233456082
319.503391055586
319.40246163233684
319.8191210174483
319.946932019116
319.99803279861806
320.0598569520496
320.1495176237685
320.21904296489544
320.1336328360992
320.1581630124182
320.1581630124182
320.11203174103235
320.11505376865205
320.10877467996386
320.10304891121154
320.1335578454909
320.13103451123885
320.227285179217
320.2626006948374
320.27877715565916
320.2997638071145
320.3088915331296
320.329573279178
320.3050986757267
320.32815850987
320.3495939606586
320.3760657909794
320.3682187655695
320.4208829546013
320.41394615147567
320.42524647827605
320.379641842709
320.3731656936952
320.34162575664357
320.34404933181463
320.3476537479673
320.34429051932386
320.35644480410446
320.35786849479024
320.37074236715483
320.37575302425364
320.3872534220149
320.3918343003399
320.3998830164186
320.40437198346376
320.4054624598977
320.41409990187526
320.41648612393584
320.4220776915646
320.4307784713399
320.4382092675939
320.45244717198585
320.4640772273076
320.46567782239475
320.46567782239475
320.4660776989913
320.4667445352051
320.46639367432135
320.46782438109636
320.46808655183656
320.46718843405483
320.4694633394722
320.46831697051067
320.47125528886363
320.4725947052003
320.4738596768214
320.4763412781284
320.47804139862893
320.47878878797206
320.48070728931566
320.48089005656516
320.48242843318553
320.4834780026934
320.48496790522097
320.4870817113841
320.48939660199136
320.4908091253948
320.49337509703514
320.494883820474
320.4985538634301
320.5003762317385
320.5061563506155
320.51135911457084
320.51135911457084
320.51168565248537
320.5109400168149
320.5115150845039
320.5113123867018
320.5109084163302
320.51002193290805
320.51272966365104
320.5125806197335
320.51367511538524
320.5115548086401
320.5128537915079
320.51118070643673
320.51429262960386
320.5124776665757
320.51354918423954
320.5117986441062
320.512580481
320.5130378366327
320.51311124418885
320.5109375774775
320.5121722182572
320.51187677034545
320.5126033570713
320.5121784910652
320.512603625893
320.51223705258894
320.51014951114826
320.5098550562583
320.51233704968837
320.5101582713657
320.5108410439832
320.5093868095958
320.5094127015308
320.5091019683738
320.5073110746517
320.50537483283506
320.5055705163526
320.5035756795087
320.50348665197106
320.5036572680106
320.50339216854564
320.50312423093425
320.5031354420599
320.5039677024316
320.5033726908932
320.50428593883805
320.5037609800056
320.5037609800056
320.50287838289023
320.50179173411215
320.5041050951516
320.5041050951516
320.50312538049656
320.50312538049656
320.50366027252954
320.5036361444886
320.50463979842266
320.5037668624886
320.5037982768144
320.5034228200705
320.50342454133323
320.50373617510604
320.5037365545283
320.50251449756126
320.5034255446303
320.503069100164
320.50301225231016
320.5042193843467
320.5032889775044
320.50356638413956
320.50379467948784
320.5016055492289
320.5035603635116
320.50240780536456
320.5026372083148
320.50292319164697
320.5028645952078
320.50315118939494
320.50406993239403
320.5032242831585
320.5044915458962
320.5043439206409
320.5038240687272
320.50304317462144
320.5037171637679
320.50326537755103
320.50279770325477
320.5019131965999
320.50288449502995
320.50202317634495
320.50348970982867
320.5019218048895
320.5030303862016
320.5023604314565
320.503926171319
320.50443511958446
320.50311615003125
320.5028725480233
END
