26479046918907.35
11277130034636.527
8012901904942.81
6128040148277.356
2812888197839.909
2812888197839.909
2812888197839.909
2420407532729.2173
2048839774697.5286
2048839774697.5286
1862922698996.4634
1456737235324.3447
1456737235324.3447
1344558722874.5112
1133932513170.9937
1133932513170.9937
896446025764.6593
896446025764.6593
869765234084.2153
869765234084.2153
734959175639.3192
734959175639.3192
577567640569.814
482278506744.6503
482278506744.6503
482278506744.6503
482278506744.6503
436361580456.61536
409530783599.19604
396263133166.1565
308621707845.2124
308621707845.2124
303734084281.1207
284790715094.35236
208598404380.91278
208598404380.91278
208598404380.91278
208598404380.91278
198463697730.0773
184748116893.4117
184748116893.4117
184279378756.64313
164097311971.81833
164097311971.81833
158699082137.23282
142102613482.137
142102613482.137
132739664025.32866
131714476738.0797
129195668244.59819
126610579802.5717
112513721376.64287
112513721376.64287
112513721376.64287
111675979107.8322
108476830372.44348
104976430417.85507
98268864374.8254
96386472640.55104
93139833104.40105
90168094761.31303
86845916266.68124
81525500977.93434
77701230426.68117
74653432951.09814
71363514727.71361
67648060759.48982
63878007931.78035
63256796050.64673
60001902059.876274
58936162865.92009
56623666506.748856
55113911386.150406
53868592756.72766
51765027905.89899
50947919230.65173
50513739353.82024
50370250900.03094
50370250900.03094
50294267797.61045
50247588081.92474
50212667313.540535
50134728260.21734
50100793503.020294
50060880766.744354
49954801910.76188
49897935755.31424
49861476935.22452
49793595552.7315
49739555090.17355
49664923717.9929
49584391230.00232
49478925971.52459
49373863102.93369
49251708330.45
49139390074.35199
48984124924.07222
48832812831.4397
48685408411.46034
48554902475.55769
48280656520.06005
48066603926.10313
47708964275.25178
47450530405.10246
47129963600.98906
46860753735.34648
46649738055.10827
46314729287.36119
45886709931.07445
45507056546.0035
45128262070.397446
44569944630.15741
44203601471.87684
43793878799.9879
43216874438.17861
42690906171.07426
42052918808.12515
41350300408.36
40392128083.742096
39602135083.78985
38731226429.8452
38699680754.024376
38699680754.024376
38696777615.93045
38696574668.56589
38692001646.88202
38690214389.4806
38688238736.436676
38686211299.817444
38681216911.93217
38675876893.79061
38671206664.60249
38666498495.83277
38661202069.55197
38655444934.96654
38650850643.57007
38645618445.61974
38638318170.80784
38631531063.9794
38623946814.8685
38615270434.42609
38607421931.90081
38597519849.38985
38588269738.2611
38577562733.968796
38567699884.769394
38557496651.31475
38539864245.70664
38527874491.71835
38512361391.63461
38504122658.23297
38504122658.23297
38503818859.36629
38503395086.269035
38503074725.553604
38502749151.95042
38501917289.0652
38501315550.970146
38500598011.02737
38500082332.80681
38499899547.92638
38499835965.236015
38499697818.68157
38499651760.59451
38499567352.41449
38499537517.73046
38499475816.10998
38499388290.900116
38499268509.63488
38499106964.35115
38498951869.61442
38498771627.91719
38498562302.73573
38498313962.58062
38498120736.24526
38497874701.87711
38497679867.04478
38497280256.609764
38496585194.091606
38496177214.83815
38495633796.82981
38495064951.246574
38494574910.73656
38493828652.03099
38493132621.17729
38492508455.465706
38491856491.13265
38491203286.82798
38490837710.515816
38490639846.2416
38490602728.63501
38490584855.49017
38490576127.92467
38490568892.47788
38490558733.59865
38490552862.56871
38490538324.18444
38490528065.40403
38490526518.367355
38490526518.367355
38490526333.57032
38490526232.88316
38490525884.41762
38490525884.41762
38490525776.178665
38490525776.178665
38490525572.00988
38490525236.86058
38490524915.01945
38490524180.967415
38490523604.14722
38490523326.789665
38490523072.63524
38490522340.83922
38490521349.56162
38490520419.47489
38490519482.767235
38490517949.624565
38490516533.91242
38490515356.875275
38490513735.502235
38490512271.033394
38490510227.40253
38490507957.15784
38490505833.05679
38490503401.16691
38490500444.666336
38490498198.7165
38490495599.71954
38490492373.86736
38490489164.094444
38490485492.43484
38490481136.260605
38490475668.016945
38490469791.50289
38490464112.157486
38490457182.10156
38490450774.709
38490443438.36233
38490433973.04238
38490421538.638596
38490410283.7812
38490394370.82715
38490375046.94079
38490355157.96892
38490333934.80918
38490300587.78956
38490273410.27012
38490236588.71549
38490197759.3035
END
