248.83628150293094
243.8488422045947
243.8488422045947
241.4834157973562
241.4834157973562
239.59573638643093
241.80006499281055
241.80006499281055
241.80006499281055
244.56264649026232
244.56264649026232
244.56264649026232
245.3495639793135
245.3495639793135
245.3495639793135
242.78857700231512
242.78857700231512
242.78857700231512
242.78857700231512
242.78857700231512
242.78857700231512
242.78857700231512
242.78857700231512
242.78857700231512
242.82697355086728
242.82697355086728
242.82697355086728
243.10359779191305
243.51731246207012
243.51731246207012
243.51731246207012
246.13740814114234
246.13740814114234
246.13740814114234
246.13740814114234
245.68019437055466
245.68019437055466
243.90720337115513
244.06677970351117
244.82913446170892
243.9075446733776
243.9075446733776
244.09148581687316
242.44691565259726
243.7645488662513
241.95673619409868
241.52407483226196
242.51875638045772
242.6170171416056
242.6370476435129
242.5451998228895
242.9833577976171
243.1493595058039
END
