15708554437366.07
4706314029793.528
3144435944516.3022
2515413034149.1216
2153075318756.7844
2153075318756.7844
2153075318756.7844
1361863195548.3435
1361863195548.3435
1158837375740.9387
1158837375740.9387
1158837375740.9387
1158837375740.9387
1063118647113.8444
1063118647113.8444
582635813410.719
582635813410.719
582635813410.719
582635813410.719
559666119520.9266
472946730592.04895
472946730592.04895
384547795791.1372
340065486762.4554
340065486762.4554
303853762359.5746
303853762359.5746
303853762359.5746
280823648584.0304
234806676635.16205
234806676635.16205
234806676635.16205
213729130678.8785
213729130678.8785
176900128162.66748
145634757177.67194
145634757177.67194
145634757177.67194
142306310227.03223
137072066504.48213
127059404451.92155
127059404451.92155
80696680065.40369
63236781481.09662
63236781481.09662
63236781481.09662
63236781481.09662
47214680903.49446
13162740203.729961
9658733855.136562
9658733855.136562
2989072438.372265
2989072438.372265
2989072438.372265
2989072438.372265
2212566179.782744
862022309.3211266
622633103.5108442
622633103.5108442
621198758.2589666
258293304.02016702
30165487.966346167
19701216.515967257
19701216.515967257
0.0
END
