14989198312877.377
3695498941698.04
2781349048848.0146
1601317376179.9922
1198187863153.667
1198187863153.667
1198187863153.667
664520155922.7085
664520155922.7085
664520155922.7085
312171000838.6173
312171000838.6173
312171000838.6173
312171000838.6173
309283324718.5156
309283324718.5156
238467140674.9
184302098421.72748
184302098421.72748
149266991428.93018
149266991428.93018
99069912899.91714
99069912899.91714
99069912899.91714
95539884967.769
95539884967.769
95539884967.769
71363909426.61595
71363909426.61595
71363909426.61595
64881091601.37985
64881091601.37985
59368479962.693825
28810413201.301384
24099295721.725372
24099295721.725372
23834943576.422348
23834943576.422348
3513677294.6785474
3479570249.078342
2722438285.7140026
477177198.90979517
477177198.90979517
169639498.28206843
121498481.99186718
0.0
END
