9658752173990.7
3160628001464.8296
3160628001464.8296
2660387599171.841
2660387599171.841
2660387599171.841
1835528794702.915
735395852139.4298
735395852139.4298
718222505884.1425
718222505884.1425
382365354021.1517
382365354021.1517
382365354021.1517
382365354021.1517
382365354021.1517
382365354021.1517
382365354021.1517
146710728079.911
146710728079.911
89584536210.80621
89584536210.80621
89584536210.80621
89584536210.80621
89584536210.80621
89584536210.80621
89584536210.80621
81952257835.86407
63087343268.28209
55869592024.2741
55869592024.2741
55586318207.56099
55388364768.678024
55388364768.678024
34087025485.9118
19774525443.75921
9209836828.023872
9209836828.023872
9209836828.023872
6719440154.17198
6719440154.17198
5481699399.840361
1959516601.9775963
1712137966.7372808
1712137966.7372808
1416361218.5619915
1416361218.5619915
1097443951.9060025
816457545.7932355
816457545.7932355
753201213.9500227
361466811.79722965
72066627.93118468
14152308.418110069
14152308.418110069
981733.9348227526
981733.9348227526
0.0
END
