235.04823286161908
231.10835811219644
231.10835811219644
228.95592576721734
228.95592576721734
227.58309660201212
227.58309660201212
227.58309660201212
227.58309660201212
225.49125701137885
225.49125701137885
225.49125701137885
226.82168685555664
226.82168685555664
232.1913405457178
232.1913405457178
232.1913405457178
232.1913405457178
232.1913405457178
232.1913405457178
232.1913405457178
232.1913405457178
231.94737873460122
230.61693122121613
230.61693122121613
230.61693122121613
230.61693122121613
230.7888100755807
230.94179444833608
230.94179444833608
230.94179444833608
231.58091505295678
231.68985226100898
231.9242265162659
231.47629419463317
231.40237756757404
231.32177293582419
231.09393324948311
231.09393324948311
230.91496312033033
230.8999212119377
230.13687561943348
230.0944748054787
230.69976621597257
230.4114910769734
230.4114910769734
230.4114910769734
230.33840491837492
230.14162286560594
231.40824511364124
231.40824511364124
231.0391400987606
230.88367005418607
230.88367005418607
230.74113509875016
230.93693036855424
230.66534747090876
230.66534747090876
230.66534747090876
230.81218820426378
230.81218820426378
230.62826706514372
230.47453280635145
230.3302966910592
230.3302966910592
229.6989309581701
229.6989309581701
229.70318222059356
229.7714606452198
229.78871654664948
229.9680018510366
229.9820775574627
229.96715255545635
229.96715255545635
229.90628874250618
229.85983077643542
229.85983077643542
229.85983077643542
229.85983077643542
229.85983077643542
229.95600765596518
229.89956229091874
229.9611433825553
229.75036579210396
229.80651555669976
229.71876375292868
229.66564123280804
229.8336804034999
230.1402574997185
230.09962869540746
230.07886047936893
230.0708451529122
230.06729178722946
230.06457423919835
230.06446759646343
230.0570563892847
230.0570563892847
229.80202449815812
229.80202449815812
229.6444169091226
230.2233194473009
230.20785518584339
230.47295541925033
230.68489775051194
230.6906660921009
230.6849139794719
230.6849139794719
230.6849139794719
230.6849139794719
230.6849139794719
230.6849139794719
230.6849139794719
230.62865173178645
230.64337901773172
230.64801992688288
230.64801992688288
230.64801992688288
230.60474354314974
230.60474354314974
230.60474354314974
230.60474354314974
230.60474354314974
230.60474354314974
230.60454359927076
230.60454359927076
230.60454359927076
230.61285910491873
230.61359244553913
230.57894885216342
230.57894885216342
230.58298096417218
230.58298096417218
230.58298096417218
230.58298096417218
230.58298096417218
230.58298096417218
230.58298096417218
230.58298096417218
230.58298096417218
230.58298096417218
230.58616808452322
230.58616808452322
230.58616808452322
230.58616808452322
230.58616808452322
230.58616808452322
230.58627047214785
230.58655906002002
230.58392452758864
230.584524049693
230.58451340894956
230.58412934299767
230.5830199309256
230.58439829194265
230.58356299029325
230.58538295893644
230.58508277383248
230.58629316810118
230.5864893508197
230.5836789659251
230.58351303183687
230.58375475865105
230.58485021978376
230.58513971376007
230.58522665434435
230.5864520682828
230.58643886213216
230.58880646063614
230.5889392757188
230.58980821982016
230.58965652174408
230.58939630435725
230.59000935045574
230.59043893766776
230.59040025025462
230.59012675338977
230.59012675338977
230.59012675338977
230.5906262428788
230.59314424428823
230.59437157831883
230.59491881659704
230.5955624085312
230.59504017417527
230.59504017417527
230.5954543834148
230.5954543834148
230.5954543834148
230.5954543834148
230.59525908408384
230.59662780559643
230.59645203777308
230.5982403337828
230.5982403337828
230.5982403337828
230.59791253940503
230.60096524395948
230.6036707465146
230.6078225719471
230.61024912760354
230.6161191469794
230.6204860006254
230.62936038912605
230.63423553992902
230.64179747767386
230.65047263859574
230.66213034899818
230.67230285163328
230.68287442761914
230.6968570748014
230.71509292121817
230.73069302980917
230.7595499482705
230.78034236889215
230.7983672001744
230.81635366914534
230.83702824607596
230.85333154276452
230.87667377988035
230.90574402617796
230.9294424465875
230.95722601684798
230.9807602724419
231.01789880481888
231.08907242139637
231.08921641392558
231.08921641392558
231.08921641392558
231.09099169280245
231.09182420514634
231.09182420514634
231.09289307791641
231.09178226343818
231.0923055540248
231.09245445529763
231.09305878388273
231.09305878388273
231.0930157864854
231.0930157864854
231.0930157864854
231.0930157864854
231.0930157864854
231.0930157864854
231.0930157864854
231.0931533630581
231.09357483479783
231.09357483479783
231.09352811570184
231.0934265431866
231.0934265431866
END
