11574404963433.979
2164158073340.4468
2164158073340.4468
811343541507.4645
811343541507.4645
544345984435.12177
544345984435.12177
544345984435.12177
544345984435.12177
458826812838.71857
458826812838.71857
458826812838.71857
216764341774.6272
216764341774.6272
61154753185.91002
61154753185.91002
61154753185.91002
61154753185.91002
61154753185.91002
61154753185.91002
61154753185.91002
61154753185.91002
52409416530.21991
27214767375.455776
27214767375.455776
27214767375.455776
27214767375.455776
22443863565.286198
20395750570.140472
20395750570.140472
20395750570.140472
17698315637.442272
17053067346.39056
16631006547.99187
15859237880.889647
14106527183.705042
13818351429.461512
12813424552.761486
12813424552.761486
12811418469.296844
9781023256.363892
8327043523.918257
7802496775.7734995
5474726382.339517
5004344286.73742
5004344286.73742
5004344286.73742
4989730036.726544
4827530022.662857
4780100427.039554
4780100427.039554
4741068170.427825
4734207069.440718
4734207069.440718
4683500549.1110115
4645310955.561008
4635532890.946566
4635532890.946566
4635532890.946566
4607674317.897363
4607674317.897363
4596242582.631092
4594337600.330172
4575794333.590485
4575794333.590485
4519764935.904953
4519764935.904953
4449122205.655666
4438598736.773662
4419205840.780351
4394167478.156427
4381070298.781318
4373540765.372976
4373540765.372976
4368626027.023189
4343276552.833202
4343276552.833202
4343276552.833202
4343276552.833202
4343276552.833202
4337358367.916834
4330142266.573889
4325000573.180722
4290016721.435912
4267083668.509421
4227460678.418801
4209893911.132751
4199691136.8508058
4173015716.483415
4141480314.45782
4125862776.4615335
4118091548.217476
4114215319.2840805
4112508958.749125
4112116129.7619557
4093015871.633681
4093015871.633681
4074366923.0105586
4074366923.0105586
4036552258.679102
4034288064.5360494
4015109558.2264824
4006654508.7068744
4001113129.7630687
3992962470.3171253
3976585724.222446
3976585724.222446
3976585724.222446
3976585724.222446
3976585724.222446
3976585724.222446
3976585724.222446
3976127606.739731
3975302311.5892334
3973437618.688013
3973437618.688013
3973437618.688013
3972983134.9746203
3972983134.9746203
3972983134.9746203
3972983134.9746203
3972983134.9746203
3972983134.9746203
3972978039.8989873
3972978039.8989873
3972978039.8989873
3972965810.5444517
3972947418.387688
3972922115.8046207
3972922115.8046207
3972906255.9954743
3972906255.9954743
3972906255.9954743
3972906255.9954743
3972906255.9954743
3972906255.9954743
3972906255.9954743
3972906255.9954743
3972906255.9954743
3972906255.9954743
3972906088.015636
3972906088.015636
3972906088.015636
3972906088.015636
3972906088.015636
3972906088.015636
3972906138.8471546
3972906181.182245
3972906029.054786
3972906030.31106
3972906045.185704
3972906045.771141
3972906037.9943542
3972906050.032234
3972906016.3022413
3972906030.43289
3972906060.4252667
3972906061.303113
3972906056.4328732
3972906026.933765
3972906047.043949
3972906945.3373847
3972906066.6166506
3972906223.8755255
3972906100.5099993
3972906119.723576
3972906081.0854416
3972906281.572086
3972907170.262995
3972907510.8588667
3972907047.623012
3972906373.9674196
3972906195.9027243
3972906191.3389273
3972906319.0608325
3972906077.902995
3972906077.902995
3972906077.902995
3972906042.1624646
3972906117.190662
3972906070.73477
3972906049.476891
3972906039.029012
3972906019.1360416
3972906019.1360416
3972906022.8841066
3972906022.8841066
3972906022.8841066
3972906022.8841066
3972906020.45722
3972906033.3488016
3972906021.293411
3972906034.1819067
3972906034.1819067
3972906034.1819067
3972906041.835116
3972906019.767141
3972906053.6726637
3972906031.72671
3972906029.806156
3972906042.668485
3972906033.0147996
3972906040.5705895
3972906029.4378595
3972906076.2803435
3972906044.720519
3972906085.3820543
3972906022.83453
3972906021.4040713
3972906064.2117343
3972906070.5105834
3972906032.108434
3972906056.021481
3972906050.507731
3972906041.7521205
3972906030.154643
3972906033.5480514
3972906042.5780773
3972906040.351957
3972906333.852411
3972906425.3923197
3972906320.9579105
3972906437.421497
3972906464.415981
3972906354.4171042
3972906212.30927
3972906212.30927
3972906212.30927
3972906229.4956756
3972906181.055946
3972906181.055946
3972906183.732032
3972906055.0534725
3972906051.252473
3972906022.724029
3972906021.879854
3972906021.879854
3972906022.0167627
3972906022.0167627
3972906022.0167627
3972906022.0167627
3972906022.0167627
3972906022.0167627
3972906022.0167627
3972906020.678656
3972906021.256915
3972906021.256915
3972906021.231203
3972906019.6845765
3972906019.6845765
END
