266.4210577557061
262.60766072003133
262.60766072003133
262.49422167235593
262.49422167235593
262.49422167235593
263.7908117179223
262.45713273179894
262.45713273179894
263.88397142832036
263.88397142832036
262.7979877176597
262.7979877176597
262.7979877176597
262.7979877176597
262.7979877176597
262.7979877176597
262.7979877176597
261.30260704427974
261.30260704427974
261.90693717801315
261.90693717801315
261.90693717801315
261.90693717801315
261.90693717801315
261.90693717801315
261.90693717801315
262.4028113261835
260.70738275162046
262.51878224282234
262.51878224282234
261.93205020430497
261.7770542773465
261.7770542773465
261.0408374406364
262.09746848870935
261.4629317182251
261.4629317182251
261.4629317182251
261.6507095708495
261.6507095708495
261.87189832198555
261.68768598497485
261.6015008385569
261.6015008385569
261.58850799138486
261.58850799138486
261.3007037815305
261.19708548503087
261.19708548503087
261.42264808055893
260.62253607676826
259.65935064139256
259.74278506974986
259.74278506974986
259.67899259099397
259.67899259099397
259.805037405242
END
