2.6983745755103535e-07
2.6805886696782953e-07
2.6805886696782953e-07
2.6972524025876487e-07
2.6972524025876487e-07
2.6972524025876487e-07
2.6972524025876487e-07
2.64272570205918e-07
2.64272570205918e-07
2.64272570205918e-07
2.64272570205918e-07
2.6530940980683685e-07
2.6530940980683685e-07
2.637902666779661e-07
2.637902666779661e-07
2.6593295537802384e-07
2.6593295537802384e-07
2.6593295537802384e-07
2.6653321720901196e-07
2.6653321720901196e-07
2.6653321720901196e-07
2.650137017696878e-07
2.671576210209358e-07
2.6834986641520473e-07
2.691837559732798e-07
2.689668294673963e-07
2.675943604165767e-07
2.675943604165767e-07
2.675943604165767e-07
2.6923772284172283e-07
2.683344634909227e-07
2.683344634909227e-07
2.681362030428647e-07
2.6747003678153747e-07
2.6857234080219864e-07
2.6870828486969955e-07
2.6870828486969955e-07
2.6837219824915045e-07
2.689443562160225e-07
2.6856417007830947e-07
2.684293195804463e-07
2.68604735778574e-07
2.685332091053533e-07
2.683277579466354e-07
2.692179666951876e-07
2.6896062807371283e-07
2.6896062807371283e-07
2.6896062807371283e-07
2.6895915245535066e-07
2.6895915245535066e-07
2.688176045102885e-07
2.688176045102885e-07
2.684454019407296e-07
2.6867290022873724e-07
2.6919679487733663e-07
2.6883789127138977e-07
2.6955860670940795e-07
2.6955860670940795e-07
2.693249963827239e-07
2.693249963827239e-07
2.69421351690741e-07
2.69421351690741e-07
2.6956494800763086e-07
2.6980443227874195e-07
2.6960516091412294e-07
2.6960516091412294e-07
2.6860581760580965e-07
2.691917180986175e-07
2.6924235567942134e-07
2.6999108064857424e-07
2.6992727518211383e-07
2.6927879318547497e-07
2.6901596616541996e-07
2.6903168628393746e-07
2.698092742567583e-07
2.698092742567583e-07
2.692847723884093e-07
2.700315426744885e-07
2.694056622718831e-07
2.6969985640348525e-07