35587607801693.38
15869160615798.492
13213519984709.865
8703106336248.634
4436503979104.662
4436503979104.662
4436503979104.662
4436503979104.662
4436503979104.662
3457648686313.155
3457648686313.155
3457648686313.155
2380440625422.7666
2380440625422.7666
2380440625422.7666
2380440625422.7666
2380440625422.7666
1876091558255.6372
1876091558255.6372
1876091558255.6372
1241032606796.7563
491268329101.0202
491268329101.0202
491268329101.0202
491268329101.0202
491268329101.0202
491268329101.0202
463223163933.8159
364505517403.2291
364505517403.2291
364505517403.2291
364505517403.2291
200317165759.342
200317165759.342
80171120814.45312
80171120814.45312
80171120814.45312
80171120814.45312
80171120814.45312
80171120814.45312
80171120814.45312
76930375486.84203
56971032244.31462
50376769705.00102
41863018859.22197
26454602505.359947
18388091518.55998
7642907341.085218
4235569766.4304395
1875425046.8739066
1875425046.8739066
1875425046.8739066
666292780.174799
0.0