2.811330658222158e-07
2.784685578311581e-07
2.8257791475139555e-07
2.8009206743452303e-07
2.7648316397029184e-07
2.7648316397029184e-07
2.7648316397029184e-07
2.7648316397029184e-07
2.7648316397029184e-07
2.7969899046491265e-07
2.7969899046491265e-07
2.7969899046491265e-07
2.77429205699586e-07
2.7827288995304326e-07
2.760391103947238e-07
2.760391103947238e-07
2.760391103947238e-07
2.760391103947238e-07
2.7451715006105047e-07
2.7916743157531603e-07
2.7916743157531603e-07
2.7916743157531603e-07
2.7916743157531603e-07
2.7916743157531603e-07
2.7916743157531603e-07
2.786816155043081e-07
2.7990921215521203e-07
2.7641000975027034e-07
2.7641000975027034e-07
2.769505032235079e-07
2.797497492668013e-07
2.797497492668013e-07
2.797497492668013e-07
2.797497492668013e-07
2.787007380843852e-07
2.7932752094244973e-07
2.7932752094244973e-07
2.7932752094244973e-07
2.801946687178195e-07
2.801946687178195e-07
2.801946687178195e-07
2.8011605513934733e-07
2.8011605513934733e-07
2.805325625334562e-07
2.8096036062395955e-07
2.8127953464144375e-07
2.8090357082462963e-07
2.8365804853385204e-07
2.8365804853385204e-07
2.8365804853385204e-07
2.8365804853385204e-07
2.8365804853385204e-07
2.8312579930700246e-07
2.8351714219835934e-07
2.831313770612219e-07
2.8251149172809424e-07
2.8291015014112723e-07