2.548012883420359e-07
2.497361263382303e-07
2.528802656920694e-07
2.513439210982082e-07
2.475544297960921e-07
2.475544297960921e-07
2.4398367163850314e-07
2.441662387869749e-07
2.441662387869749e-07
2.441662387869749e-07
2.507506400759808e-07
2.470583189670267e-07
2.470583189670267e-07
2.470583189670267e-07
2.470583189670267e-07
2.470583189670267e-07
2.470583189670267e-07
2.4359756455381607e-07
2.4359756455381607e-07
2.4561846578113684e-07
2.4561846578113684e-07
2.4561846578113684e-07
2.4811632759339226e-07
2.4893955181470023e-07
2.4893955181470023e-07
2.512067168948585e-07
2.512067168948585e-07
2.4999903911572513e-07
2.4999903911572513e-07
2.4999903911572513e-07
2.4974599187197043e-07
2.5044915165505665e-07
2.494294026370738e-07
2.4939420832674773e-07
2.4959985986143307e-07
2.4959985986143307e-07
2.4959339095435167e-07
2.501345281156479e-07
2.501275269771e-07
2.501275269771e-07
2.502208121499852e-07
2.502208121499852e-07
2.504441703423221e-07
2.504254539677533e-07
2.504254539677533e-07
2.502546673396823e-07
2.500260970190131e-07
2.500260970190131e-07
2.4997803350985785e-07
2.5032884640555116e-07
2.5032884640555116e-07
2.5025534603618596e-07
2.5035312935003127e-07
2.5032402933476313e-07
2.5047317563350814e-07
2.5050981144732137e-07
2.504998169781897e-07
2.502933195552718e-07
2.504319950042876e-07
2.503168901150122e-07
2.505183715825888e-07
2.505950521796604e-07
2.506697854487384e-07
2.5064236921471824e-07
2.5072094602181624e-07
2.50682242334305e-07
2.50682242334305e-07
2.50682242334305e-07
2.507658394578196e-07
2.508140314673018e-07
2.5077044806338946e-07
2.5080777133146895e-07
2.5075027814834744e-07
2.5079350007390424e-07
2.508754041519083e-07
2.508345879357885e-07
2.508569665208685e-07
2.509354568301804e-07
2.508316217150874e-07
2.508595721502846e-07
2.5080051648755223e-07
2.5079324840886107e-07
2.507940254217693e-07
2.507459586935844e-07
2.508001975013117e-07
2.508312009781773e-07