2.977807142364803e-07
2.9201419523335684e-07
2.8786998441985305e-07
2.8786998441985305e-07
2.953993933048888e-07
2.953993933048888e-07
2.953993933048888e-07
2.9356549612252413e-07
2.9356549612252413e-07
2.9356549612252413e-07
2.9356549612252413e-07
2.9104559225673e-07
2.9483530786404003e-07
2.9238911758576655e-07
2.964870430909765e-07
2.9662616892526353e-07
2.9662616892526353e-07
2.9662616892526353e-07
2.9326042116882104e-07
2.913051508900555e-07
2.913051508900555e-07
2.913051508900555e-07
2.913051508900555e-07
2.913051508900555e-07
2.9238484129072104e-07
2.9352738762981506e-07
2.956519663355398e-07
2.938912061263266e-07
2.940440242176118e-07
2.940440242176118e-07
2.939459528943055e-07
2.939459528943055e-07
2.933032572751447e-07
2.933369577248599e-07
2.933369577248599e-07
2.933161191484642e-07
2.936315203165725e-07
2.941374390378516e-07
2.941374390378516e-07
2.941374390378516e-07
2.9298758167820323e-07
2.9298758167820323e-07
2.9282427505602805e-07
2.934108055663943e-07
2.9366306467095883e-07
2.93740919047824e-07
2.937523721719269e-07
2.9368889588771064e-07
2.9397682547652376e-07
2.9397682547652376e-07
2.939238610468525e-07
2.939029356653966e-07
2.937299723218553e-07
2.936406692417773e-07
2.938230932236572e-07
2.935552173367471e-07
2.935932591882954e-07
2.9356787080998087e-07
2.936493137173946e-07
2.938294777348869e-07
2.9375097818143366e-07
2.936954376764782e-07
2.938611968882213e-07
2.9371636962379717e-07
2.9377523160412337e-07
2.93765343515317e-07
2.9369144355474657e-07
2.937093248058059e-07
2.9386987354591235e-07
2.9379936835144914e-07
2.939109981908551e-07
2.9412848393809916e-07
2.9402301108628926e-07
2.940723369682455e-07
2.940544754625604e-07
2.9414598982347953e-07
2.940019188099041e-07
2.940195998673829e-07
2.9397767463019396e-07
2.939255885080317e-07
2.938778215676901e-07
2.9386024622177467e-07
2.9387903316853967e-07
2.939109053314004e-07
2.9389121170257475e-07
2.938898437687761e-07
2.939223569417775e-07
2.9398053397885395e-07
2.940256566406459e-07
2.940742630732944e-07
2.9413745675319027e-07
2.9417007407798934e-07
2.942852348999262e-07
2.9426035212755786e-07
2.943021070505148e-07
2.943023946756322e-07
2.942606480170884e-07
2.942408840807916e-07
2.9425134007121294e-07
2.941910124063652e-07
2.94174746847107e-07
2.941579880120235e-07
2.941562224281276e-07
2.9414682476749766e-07
2.941111781732095e-07
2.9423615401329047e-07
2.9411706392777274e-07
2.9413343851454565e-07
2.941776415304275e-07
2.9422754259401953e-07
2.9425672663765723e-07
2.9428109475546626e-07
2.942267950590471e-07
2.9425971265288426e-07
2.9423296780164296e-07
2.942282177492911e-07
2.942610566971042e-07
2.9425384364573837e-07
2.9427323912412796e-07
2.942777265094936e-07
2.9433960359898556e-07
2.9430089738337834e-07
2.9436781476330117e-07
2.9435534377172467e-07
2.9436608091018855e-07
2.9438184944017846e-07
2.9437385735307e-07
2.9438066695380563e-07
2.943828647421375e-07
2.9439065176272295e-07
2.943952353054015e-07
2.9440445143645764e-07
2.944093864827727e-07
2.9442802569437623e-07
2.944357859677547e-07
2.9444664305030374e-07
2.944558385109987e-07
2.9446877053899465e-07
2.944763705436546e-07
2.9448877023996255e-07
2.9449679402725293e-07
2.9450510892919953e-07
2.945176034530271e-07
2.9453390513138144e-07
2.945497210266928e-07
2.945554455755674e-07
2.9457254241854453e-07
2.9458168596137806e-07
2.945892601574417e-07
2.9459406309765375e-07
2.9460698777711063e-07
2.9461875190560045e-07
2.9463169116670787e-07
2.946323900774272e-07
2.946422227100458e-07
2.9464047888059783e-07
2.9464397070025627e-07
2.946516941464695e-07
2.9467626663604503e-07
2.9466361213596053e-07
2.946733006277473e-07
2.9467674408386874e-07
2.946840469716421e-07
2.9468645072559086e-07
2.946822083690144e-07
2.94676467601124e-07
2.946737397598728e-07
2.946818071006425e-07
2.9467135170559216e-07
2.946695367653117e-07
2.946691444920376e-07
2.946683168492146e-07
2.946705609664123e-07
2.946722549314988e-07
2.9467465883261903e-07
2.9467464959955777e-07
2.9467553969259365e-07
2.9467614594151035e-07
2.946774827355803e-07
2.9468005850871416e-07
2.94674227147094e-07
2.9467463771379865e-07
2.946741160667119e-07
2.9467200476095904e-07
2.946684628823633e-07
2.9466942293833193e-07
2.9466510141070144e-07
2.9466680117941743e-07
2.946650844588537e-07
2.9466440553837473e-07
2.946586907642565e-07
2.94657831280421e-07
2.9465652742298027e-07
2.9465147140374053e-07
2.946454342590685e-07
2.946413432957166e-07
2.946355585310438e-07
2.946296100228399e-07
2.9461958407858846e-07
2.946131199147782e-07
2.9460423526518247e-07
2.945938190903932e-07
2.9459114532420876e-07
2.9458745083262064e-07
2.9458799502255736e-07
2.945881044578352e-07
2.9458650016980856e-07
2.945904083478081e-07
2.9458596221429723e-07
2.945872203208247e-07
2.9458849148598163e-07
2.945871347499014e-07
2.9458781835066335e-07
2.945880043182988e-07
2.9458815131228687e-07
2.945900372266397e-07
2.9459187323131544e-07
2.9459040925660873e-07
2.9459430348022055e-07
2.945965894750382e-07
2.9459841923256506e-07
2.946012583074248e-07
2.946039425135684e-07
2.946054424942256e-07
2.94606971218078e-07
2.946129327777589e-07
2.9461372308351096e-07
2.946102428772713e-07
2.9461567369099185e-07
2.946138734215153e-07
2.946138160999032e-07
2.946146470535085e-07
2.9461286814011644e-07
2.9461334556200035e-07
2.9460988965346976e-07
2.946092830333516e-07
2.946091441054912e-07
2.946080365604253e-07
2.946048789132352e-07
2.9460466477058053e-07
2.946036704195789e-07
2.9460085428025655e-07
2.9460214732012907e-07
2.945991388160745e-07
2.9460172878167453e-07
2.9460172878167453e-07
2.9460172878167453e-07
2.9460172878167453e-07
2.9460057847851214e-07
2.9460057847851214e-07