2.3177431485880366e-07
2.2879455451348683e-07
2.2113771547563958e-07
2.242227835329425e-07
2.2648103613071738e-07
2.2648103613071738e-07
2.2648103613071738e-07
2.2184164335899912e-07
2.2184164335899912e-07
2.281625507389579e-07
2.281625507389579e-07
2.2850116902627009e-07
2.2850116902627009e-07
2.2850116902627009e-07
2.2850116902627009e-07
2.2646299280819504e-07
2.2951816132776303e-07
2.2951816132776303e-07
2.2871206915112373e-07
2.2871206915112373e-07
2.2891493062280924e-07
2.2891493062280924e-07
2.281626092713188e-07
2.30237818058251e-07
2.30237818058251e-07
2.30237818058251e-07
2.30237818058251e-07
2.30237818058251e-07
2.30237818058251e-07
2.3134188681189772e-07
2.3095647259857374e-07
2.3095647259857374e-07
2.3081185008605254e-07
2.3189895688445677e-07
2.3080747351422868e-07
2.3080747351422868e-07
2.3088043608621054e-07
2.309715117802532e-07
2.3124131872062923e-07
2.3083229429384517e-07
2.3120079194747559e-07
2.3085884034888352e-07
2.308366825882859e-07
2.309282996223874e-07
2.3121038747066642e-07
2.3081054700532023e-07
2.3105997994871301e-07
2.3148502849949632e-07
2.3189262136008276e-07
2.3249353071292162e-07
2.3306232298704691e-07