27263790663504.938
10981039503468.352
8081116341010.646
6325531480331.597
2115666713878.56
2115666713878.56
2115666713878.56
1435715737714.2275
1435715737714.2275
1326730094861.87
1326730094861.87
1157293702967.731
1157293702967.731
1157293702967.731
1157293702967.731
1037807468069.0374
965873700711.4674
965873700711.4674
633108658395.4348
633108658395.4348
573346774294.3203
573346774294.3203
313994037922.39404
147077483268.6795
147077483268.6795
147077483268.6795
147077483268.6795
147077483268.6795
147077483268.6795
127906638335.05112
102316146889.43274
102316146889.43274
63918209943.77857
47211548190.906876
36879566779.30496
36879566779.30496
30268418871.55708
28477307091.680878
23016029123.490814
19718666853.154644
11412599676.61004
7104973584.356641
4859983141.99019
2186246271.8335433
1406413696.899721
587924670.790261
401902504.46255153
70824675.77905989
4915310.403715518
478236.7181420846
0.0