27378937500838.004
11061599190647.684
8501912853527.843
6658132483134.8125
2292375190958.318
2292375190958.318
2292375190958.318
1754857558425.6077
1754857558425.6077
1552317280839.3188
1552317280839.3188
1327952046354.2654
1327952046354.2654
1327952046354.2654
1327952046354.2654
1202085948597.8794
1011706685079.4675
1011706685079.4675
751051544935.4492
609125090174.5197
609125090174.5197
609125090174.5197
421477003498.3469
421477003498.3469
270997318670.22223
241602759810.89035
133957448848.82751
133957448848.82751
133957448848.82751
133957448848.82751
133957448848.82751
117339058390.5982
101239020727.84618
101239020727.84618
101239020727.84618
101239020727.84618
93376059217.92683
90524966736.09131
70688289046.60428
62829658427.11238
61407693485.938675
53731244092.25693
51132204720.131325
48428035259.62858
43466959616.55747
41397152882.90237
35135156375.64883
20788022172.55639
18115314965.648087
18115314965.648087
18054948443.2121
15722658401.794916
14096395851.468386
12263509379.131077
11344378654.627071
11311325940.039886
11311325940.039886
10784152536.748175
10582210148.442623
10427667791.188473
10279472230.388784
10019737652.132483
9961963747.160025
9961963747.160025
9961963747.160025
9961963747.160025
9950063850.724052
9945900068.477827
9940498048.700464
9940498048.700464
9940498048.700464
9940498048.700464
9940433220.530613
9940433220.530613
9940433220.530613
9940433220.530613
9940433220.530613
9940433220.530613
9940433220.530613
9940433220.530613
9940433220.530613
9940433224.273312
9940433224.273312
9940433137.509068
9940433137.509068
9940433094.176044
9940433094.176044
9940433083.541897
9940433083.541897
9940433165.187496
9940433075.594545
9940433400.72907
9940433118.632042
9940433170.793839
9940433100.133791
9940433067.350662
9940433251.579426
9940433238.378561
9940433305.190187
9940433354.264666
9940433412.05294
9940433261.041767
9940433638.868465
9940433233.365736
9940433223.526495
9940433217.504862
9940433217.504862
9940433191.042118
9940433191.042118
9940433191.042118
9940433190.110294
9940433101.14751
9940433091.848394
9940433085.224472
9940433102.58274
9940433102.58274
9940433073.039051
9940433073.577854
9940433082.865873
9940433066.189981
9940433066.189981
9940433073.857918
9940433071.68375
9940433079.347635
9940433064.836351
9940433068.840492
9940433065.278551
9940433065.278551
9940433067.251362
9940433067.50042
9940433092.65419
9940433069.23181
9940433097.264103
9940433071.51655
9940433068.328817
9940433085.402699
9940433107.122488
9940433068.762373
9940433072.99551
9940433073.356102
9940433070.370506
9940433070.370506
9940433070.373869
9940433070.373869
9940433066.364216
9940433066.364216
9940433065.458744
9940433067.045559
9940433072.38119
9940433070.832138
9940433068.100483
9940433069.42943
9940433067.442986
9940433067.537281
9940433067.405947
9940433067.578938
9940433068.058956
9940433067.331337
9940433067.837528
9940433067.568907
9940433066.790138
9940433066.93269
9940433066.915342
9940433067.716913
9940433067.02648
9940433069.429813
9940433069.391005
9940433072.629663
9940433070.297592
9940433074.203358
9940433072.824347
9940433073.73001
9940433073.612427
9940433072.758234
9940433072.166216
9940433072.360235
9940433072.361336
9940433072.24229
9940433073.258192
9940433073.095516
9940433072.897724
9940433072.598356
9940433072.391922
9940433072.684288
9940433072.366545
9940433072.049347
9940433072.50914
9940433072.323818
9940433072.471247
9940433071.800161
9940433071.582752
9940433071.582752
9940433071.582752
9940433071.859348
9940433071.972061
9940433072.218533
9940433072.218533
9940433072.218533
9940433072.218533
9940433072.218533
9940433072.218533
9940433072.218533
9940433072.218533
9940433072.218533
9940433072.236929
9940433072.236929
9940433072.236929
9940433072.236929
9940433072.22638
9940433072.22638
9940433072.22638
9940433072.22638
9940433072.22638
9940433072.22638
9940433072.22638
9940433072.22638
9940433072.22638
9940433072.21872
9940433072.21872
9940433072.21872
9940433072.21872
9940433072.217785
9940433072.217785
9940433072.217785
9940433072.217785
9940433072.217785
9940433072.203552
9940433072.203552
9940433072.267374
9940433072.267374
9940433072.267374
9940433072.267374
9940433072.267374
9940433072.267374
9940433072.242697
9940433072.242697
9940433072.242697
9940433072.242697
9940433072.242697
9940433072.242697
9940433072.242697
9940433072.242697
9940433072.242697
9940433072.242697
9940433072.242697
9940433072.242697
9940433072.242697
9940433072.242697
9940433072.242697
9940433072.242697