35344124758984.984
15643840783384.906
13107686739813.08
8518828609112.04
4133164675858.0566
4133164675858.0566
4133164675858.0566
4133164675858.0566
4133164675858.0566
3331000974033.22
3331000974033.22
3331000974033.22
2229401466889.3604
2146915920285.6475
1789514543751.7466
1789514543751.7466
1789514543751.7466
1789514543751.7466
1461543877456.1226
776374786971.68
776374786971.68
776374786971.68
776374786971.68
776374786971.68
776374786971.68
537490389237.2212
444016092895.0637
249507114488.12317
249507114488.12317
244380074320.80176
182928157083.96
182928157083.96
182928157083.96
182928157083.96
97397808254.46196
81340519418.23242
81340519418.23242
81340519418.23242
65968382358.55371
65968382358.55371
65968382358.55371
47546659624.19278
47546659624.19278
43731630128.27908
28218158133.52218
15238490444.80995
7735345820.101992
2938499480.137754
2938499480.137754
2938499480.137754
2938499480.137754
2938499480.137754
2098493147.613197
1455968005.1249123
454892764.47287077
94676446.11381172
0.0