2.869941440603013e-07
2.8450542577406733e-07
2.887163420383544e-07
2.8617857197523243e-07
2.8260705946833615e-07
2.8260705946833615e-07
2.8260705946833615e-07
2.8260705946833615e-07
2.8260705946833615e-07
2.8575654291109107e-07
2.8575654291109107e-07
2.8575654291109107e-07
2.835541874637907e-07
2.835541874637907e-07
2.835541874637907e-07
2.835541874637907e-07
2.835541874637907e-07
2.796465640353702e-07
2.796465640353702e-07
2.796465640353702e-07
2.864082843082427e-07
2.863541793764341e-07
2.863541793764341e-07
2.863541793764341e-07
2.863541793764341e-07
2.863541793764341e-07
2.863541793764341e-07
2.875377244527089e-07
2.863702000690383e-07
2.863702000690383e-07
2.863702000690383e-07
2.863702000690383e-07
2.840873075947454e-07
2.840873075947454e-07
2.864502932349452e-07
2.864502932349452e-07
2.864502932349452e-07
2.864502932349452e-07
2.864502932349452e-07
2.864502932349452e-07
2.864502932349452e-07
2.8620633692939633e-07
2.86894335155026e-07
2.860052899491236e-07
2.8443240270058285e-07
2.845518011628511e-07
2.8459321110713245e-07
2.837029915524398e-07
2.8505564641421994e-07
2.848258521359575e-07
2.848258521359575e-07
2.848258521359575e-07
2.842864983857005e-07
2.855298003306292e-07