25819644492841.45
11620326261464.125
11620326261464.125
7002491019453.333
7002491019453.333
7002491019453.333
7002491019453.333
2305592190235.6533
2305592190235.6533
2305592190235.6533
2305592190235.6533
1466835934308.2034
1466835934308.2034
1431300753423.7278
1431300753423.7278
1201913541479.9204
1201913541479.9204
1201913541479.9204
1024178960317.5378
1024178960317.5378
1024178960317.5378
959283675105.886
567682666215.4132
436387707370.66846
358266278575.9589
281801038144.51276
256972768899.2804
256972768899.2804
256972768899.2804
239868268445.70062
151113621158.52985
151113621158.52985
150223878577.94196
118720027356.78125
112979568659.59778
111754911512.02045
111754911512.02045
103381183241.34012
87224950216.13702
80730189398.07207
76018735992.83615
68241600962.77801
59674249550.82735
39495480441.187775
30523661649.699665
26577499062.87787
26577499062.87787
26577499062.87787
19950595722.64849
19950595722.64849
13085885160.584742
13085885160.584742
12947189222.469673
10909829873.238125
10708640740.268856
9972737517.634872
9264563767.559332
9264563767.559332
8613831546.659573
8613831546.659573
8236702080.170986
8236702080.170986
7730402408.154671
7273310823.028251
6632080207.078006
6632080207.078006
4190637212.4869385
3152859627.683443
2495055198.145263
2027128984.430583
1122166653.5791688
1007802697.2794621
948813891.3317145
672463800.4647491
190578284.2701561
190578284.2701561
73221273.69131185
37047326.769393384
4024927.9834414613
0.0