35724269596677.48
10294210505455.385
5678859955098.497
5678859955098.497
2742800884068.609
2742800884068.609
2742800884068.609
2742800884068.609
2742800884068.609
2742800884068.609
2317299600210.918
1681077289273.6711
1681077289273.6711
1681077289273.6711
1681077289273.6711
1681077289273.6711
1348909369189.31
1348909369189.31
1348909369189.31
1334731794138.5295
1022212420397.19
912146501574.9913
862487681197.2681
812965798146.4409
806394590861.1093
761854614223.2864
721256964544.6117
693264623725.54
608346672243.2852
568455087016.2518
519618544623.91046
515773827846.24506
508722031146.90137
502586381056.61206
502586381056.61206
502586381056.61206
492905210878.5572
468889501110.46893
468052609330.6837
455314606167.35297
450503022593.8705
450503022593.8705
434678408436.23505
429992742871.34436
429992742871.34436
427757825372.8428
415258936536.8879
413862616815.0226
383697392819.0065
353101732467.0063
330552159222.7205
317908745676.6057
316464850560.5075
311199849725.99896
308387216488.51605
306924834353.55115
306505858532.38916
302391144214.30566
299997414763.5023
292996981455.77075
284991491098.0295
277187454600.44666
266479659597.78204
260243880381.90112
245192812194.67926
233416588305.85144
218096646159.03818
204325796574.36343
193164645662.8098
183174020508.94003
176024029591.21863
174513652974.443
173199837928.02423
173199837928.02423
172903396354.4045
172903396354.4045
172201747023.70175
171766022132.82468
170650211425.31863
168824343396.69812
167207774305.1175
165615176433.12427
164490341490.04367
163386402321.18304
161977608408.75995
160319000004.01782
158921464287.38113
157293518448.9279
155812852250.91046
154731249629.55768
154034752393.48334
153494614501.67413
153133849438.2959
152899477359.1844
152725202647.10944
152595449704.01602
152497016175.03052
152397397819.11682
152314066834.95535
152190783911.0637
152083867137.5258
151985938857.16656
151847837512.0567
151711082128.4814
151585386603.43915
151432645572.969
151283655990.69653
151144648711.19473
150991651332.96338
150840997966.3595
150716836692.4373
150531909677.98544
150349021901.51025
150220727931.36194
150089060386.50708
149948634682.2716
149851657057.49103
149777499871.89374
149740257994.34998
149717323008.32013
149698499545.59473
149676895956.04962
149656518104.1831
149632093258.87927
149610040405.74716
149583161775.1263
149553655399.85492
149525314323.9696
149493220162.64713
149456287792.3769
149402850277.30975
149356079630.38443
149306313023.67853
149249830366.23795
149167205474.6291
149097635974.05392
149008209125.43314
148918854561.34448
148805674307.9827
148707366259.45828
148612469438.032
148491802829.3784
148383782077.95898
148293578911.12253
148210297258.54147
148153811550.45627
148129496974.69257
148123498156.59903
148119995545.94446
148115941491.46252
148111196400.54956
148106058351.2475
148100637541.25995
148092938590.23285
148085559805.11218
148076884316.12894
148069759238.19617
148060455734.74536
148050545247.68042
148041454847.03015
148031268903.91656
148022139422.44574
148012101243.1454
147999548030.34164
147988196312.04974
147976354954.47186
147962960551.338
147950038684.53558
147936892155.25732
147918925414.18393
147905080366.1075
147887085029.20212
147873041440.92245
147854654475.8735
147827061781.19748
147803436555.7134
147773951353.6855
147742953514.3887
147703795235.79364
147670066052.658
147638941213.18433
147593816456.39294
147553676894.38403
147510880293.65414
147481851790.01434
147462226736.78555
147454072281.65363
147452773787.30447
147451864114.27545
147450491851.56985
147448957134.0869
147446691590.57495
147445024778.0592
147442490097.49936
147440129342.27533
147437151277.1846
147434217641.53714
147430431647.28757
147426814941.16223
147422327549.42914
147418332165.48425
147413963633.81097
147409632231.40936
147403714780.2798
147399483682.9475
147394370263.86816
147388846548.2601
147383080188.61603
147377044433.4145
147368611130.953
147361241907.1656
147352404187.7961
147343922058.33292
147331558680.50455
147322195167.8735
147311417889.32022
147298458163.78848
147286235131.0383
147268689729.76205
147245001248.88715
147227046462.45975
147205666601.15326
147180943169.0711
147157960339.40338
147140242125.77304
147125521069.36908
147120173260.82623
147119404240.65707
147119404240.65707
147119149449.3635
147118948033.2077
147118599986.1302
147117965105.4085
147117299518.27643
147116523899.82806
147115528115.31104
147114540912.3847
147113428004.60983
147112151765.79578
147110535399.85315
147109099107.17056
147107508683.43753
147105770649.0555
147104235509.8963
147102445201.5947
147100034861.83533
147097378261.1214
147093836218.7499
147090769285.87823
147087590656.40756