3.03949240118777e-07
2.985949460069047e-07
2.945063113795905e-07
2.945063113795905e-07
3.02073173701933e-07
3.02073173701933e-07
3.02073173701933e-07
3.02073173701933e-07
3.02073173701933e-07
3.02073173701933e-07
3.0616021070619694e-07
3.082732049741446e-07
3.082732049741446e-07
3.082732049741446e-07
3.082732049741446e-07
3.082732049741446e-07
3.042050806407027e-07
3.042050806407027e-07
3.042050806407027e-07
3.056327963662536e-07
3.047200750368192e-07
3.0495954279401015e-07
3.030281678049984e-07
3.0333467267527776e-07
3.0443224328863057e-07
3.0407239233733663e-07
3.041399210051988e-07
3.049354632099701e-07
3.062762194582905e-07
3.056723588431187e-07
3.045950824222307e-07
3.0365285975097167e-07
3.043114702673966e-07
3.0403230487791307e-07
3.0403230487791307e-07
3.0403230487791307e-07
3.0433502432341654e-07
3.0441964386959245e-07
3.040588192681296e-07
3.035369253891583e-07
3.0378953232121537e-07
3.0378953232121537e-07
3.045353778521008e-07
3.040510934438895e-07
3.040510934438895e-07
3.0425924119969103e-07
3.038939706927634e-07
3.0429706030239634e-07
3.036460309534161e-07
3.037631724520034e-07
3.02813497885864e-07
3.0303978735971627e-07
3.027866198922361e-07
3.029935000955715e-07
3.0244047761804377e-07
3.0243196824914207e-07
3.025287479152299e-07
3.0232202741237727e-07
3.0222978513059325e-07
3.02207622033663e-07
3.0223291488535633e-07
3.021791760477144e-07
3.020317437028898e-07
3.020285719134754e-07
3.027129938563279e-07
3.0290681154754415e-07
3.029955605799266e-07
3.0340970589917267e-07
3.033923818476895e-07
3.036017765786302e-07
3.0332790708983375e-07
3.033037248981663e-07
3.031495952532642e-07
3.031495952532642e-07
3.0331232024421853e-07
3.0331232024421853e-07
3.033097957344481e-07
3.031293001011245e-07
3.0325286338536084e-07
3.031095945439333e-07
3.032534686867607e-07
3.0321971471907534e-07
3.0322456525765596e-07
3.03218779482768e-07
3.03156126991683e-07
3.0320734049227645e-07
3.0316075756540547e-07
3.0321746032747494e-07
3.031897893657036e-07
3.0313875871196454e-07
3.0316985987256294e-07
3.032019430643125e-07
3.031530057508868e-07
3.031947915507207e-07
3.032062275404037e-07
3.031836623338188e-07
3.031738038388919e-07
3.031414013489816e-07
3.031384719508871e-07
3.031189116554301e-07
3.0312065381653305e-07
3.0311311621212134e-07
3.0311133313513954e-07
3.0310826030827246e-07
3.031023582572443e-07
3.030975433954558e-07
3.0309365731248827e-07
3.030883878769713e-07
3.030765392046204e-07
3.030733327863116e-07
3.0306687336231936e-07
3.030560159976931e-07
3.030458374089881e-07
3.030364704833022e-07
3.0302353012280825e-07
3.03008243649866e-07
3.029980360913873e-07
3.0298103915356886e-07
3.029746618272185e-07
3.0296692983771696e-07
3.029608641637046e-07
3.029561314610425e-07
3.0295625779233244e-07
3.029551624247949e-07
3.029555891716738e-07
3.0295542705627246e-07
3.029550841796159e-07
3.0295214048979736e-07
3.029523992751624e-07
3.0295362493357146e-07
3.0295179859879894e-07
3.029532030421773e-07
3.029511337843006e-07
3.0295027526299943e-07
3.029488986353057e-07
3.0294775584237427e-07
3.029468771638716e-07
3.029456280377614e-07
3.029452755106032e-07
3.0294319850691787e-07
3.029432321527547e-07
3.0294148998921e-07
3.029411409749735e-07
3.0294095558982987e-07
3.0294126309032364e-07
3.029397985382996e-07
3.02939691843199e-07
3.0293941868267403e-07
3.0293896901533374e-07
3.0293729492482717e-07
3.0293777682735237e-07
3.029370512606958e-07
3.029382280015167e-07
3.0293671232393327e-07
3.0293675820638924e-07
3.029363416224144e-07
3.029351623003798e-07
3.0293416498898994e-07
3.0293435346736995e-07
3.0293310161954197e-07
3.0293031324848585e-07
3.029325538418073e-07
3.0293244757491653e-07
3.0293107563419904e-07
3.0292885045705393e-07
3.0292824873936365e-07
3.029284242395367e-07
3.029269116297772e-07
3.02924765666271e-07
3.029239639086787e-07
3.0292338445821016e-07
3.0292094446535847e-07
3.0291923134861656e-07
3.0291692666709497e-07
3.0291690290618666e-07
3.029146332241159e-07
3.029128048563823e-07
3.029085794532729e-07
3.029064281760486e-07
3.0290204037347904e-07
3.028991602426027e-07
3.0289464136411393e-07
3.0288957821992616e-07
3.028835578845588e-07
3.028758747371462e-07
3.0286842397793867e-07
3.028596522043378e-07
3.0286241636583345e-07
3.0286142322050245e-07
3.0286458877116444e-07
3.0286287626744113e-07
3.0286257692438487e-07
3.028612254694979e-07
3.0286086301209786e-07
3.028616953362796e-07
3.0286382899020107e-07
3.0286034160875397e-07
3.028614308222318e-07
3.02859482005076e-07
3.028608557990378e-07
3.028599780652161e-07
3.0286156286131006e-07
3.0286148940106544e-07
3.0285925666873463e-07
3.028607045525256e-07
3.028620352343965e-07
3.0286153264984045e-07
3.0286240193390997e-07
3.028617053813017e-07
3.028622870115857e-07
3.028611706778326e-07
3.0286101320774666e-07
3.028616586968487e-07
3.0286072169084147e-07
3.0285911490360227e-07
3.0286171822803857e-07
3.028599433395588e-07
3.028599392866641e-07
3.028603007799546e-07
3.028596428765872e-07
3.028596288994473e-07
3.028602635976075e-07
3.028602672246526e-07
3.028584787465665e-07
3.0285911508266826e-07
3.028582048515196e-07
3.028589910008202e-07
3.0285777880447053e-07
3.0285777880447053e-07
3.028576191481434e-07
3.028571640697817e-07
3.0285642183245783e-07
3.0285772927897943e-07
3.028575092638724e-07
3.0285682918189375e-07
3.028555707752537e-07
3.0285665550793304e-07
3.0285670779350874e-07
3.028553427069397e-07
3.028564302294547e-07
3.028559937388544e-07
3.028559245852262e-07
3.028571831403247e-07
3.028553441958129e-07
3.028566619705915e-07
3.0285598600105016e-07
3.028544188677274e-07
3.028547664352956e-07
3.028542631207206e-07
3.02854790171096e-07