2.6423608048884046e-07
2.6224381123313254e-07
2.6224381123313254e-07
2.6407327209584905e-07
2.600468702500062e-07
2.6674737833813274e-07
2.6116186272263607e-07
2.6116186272263607e-07
2.6285513308440835e-07
2.6285513308440835e-07
2.6285513308440835e-07
2.6285513308440835e-07
2.6285513308440835e-07
2.555869332410596e-07
2.555869332410596e-07
2.555869332410596e-07
2.555869332410596e-07
2.555869332410596e-07
2.555869332410596e-07
2.555869332410596e-07
2.555869332410596e-07
2.614640540587616e-07
2.614640540587616e-07
2.611304951385322e-07
2.60035327649973e-07
2.6226943183630144e-07
2.6226943183630144e-07
2.6226943183630144e-07
2.6086625157588503e-07
2.6086625157588503e-07
2.5952302611195976e-07
2.598294457119208e-07
2.596975406107598e-07
2.596975406107598e-07
2.596200847763249e-07
2.613510262797081e-07
2.6045750206110356e-07
2.603752722158437e-07
2.6019886392177357e-07
2.620510767462604e-07
2.6124617199301264e-07
2.615131070927614e-07
2.609201420866678e-07
2.6015647222577725e-07
2.6051532429721913e-07
2.6051532429721913e-07
2.6051532429721913e-07
2.608073868740764e-07
2.608073868740764e-07
2.608073868740764e-07
2.606798687579877e-07
2.6090792500617997e-07
2.6115735775424455e-07
2.6115735775424455e-07
2.6140686554115444e-07
2.6155806361469153e-07
2.616796176370705e-07
2.614348758366415e-07
2.614632615581964e-07
2.612665717213567e-07
2.6157584910738045e-07
2.6174987513559965e-07
2.61962712596589e-07
2.6183764204259934e-07
2.618680924152989e-07
2.619666883748627e-07
2.6174359749049527e-07
2.6206621439529847e-07
2.6219338779456063e-07
2.6244652404664554e-07
2.6245946674825753e-07
2.6245946674825753e-07
2.624794484129411e-07
2.624982513647634e-07
2.62484721672133e-07
2.626092357210606e-07