2.494366772382605e-07
2.4439272078416606e-07
2.473314398235307e-07
2.4620796983226453e-07
2.423676834137012e-07
2.423676834137012e-07
2.3854667551132466e-07
2.387963299089143e-07
2.387963299089143e-07
2.387963299089143e-07
2.453267765880016e-07
2.4192058213232617e-07
2.4192058213232617e-07
2.4192058213232617e-07
2.4192058213232617e-07
2.4192058213232617e-07
2.4192058213232617e-07
2.3798658003948837e-07
2.3798658003948837e-07
2.3798658003948837e-07
2.3798658003948837e-07
2.3798658003948837e-07
2.4102619416988976e-07
2.4102619416988976e-07
2.4102619416988976e-07
2.421099783490928e-07
2.4289272826092603e-07
2.4460498585122866e-07
2.4488484679729433e-07
2.4488484679729433e-07
2.4353913080028365e-07
2.43370384803919e-07
2.420494656163087e-07
2.420494656163087e-07
2.420494656163087e-07
2.420494656163087e-07
2.420494656163087e-07
2.4221915318090544e-07
2.4221915318090544e-07
2.4261167368846e-07
2.4388946444865007e-07
2.4376353165100856e-07
2.4188478493660894e-07
2.4188478493660894e-07
2.4188478493660894e-07
2.409119931806803e-07
2.429565340360679e-07
2.438493744705814e-07
2.438493744705814e-07
2.443881942184979e-07
2.4448793264596427e-07
2.4458229867089404e-07
2.441910495923966e-07
2.440320527642608e-07
2.440320527642608e-07
2.438381393532204e-07