2.3659052486939125e-07
2.3363073627617946e-07
2.260404004058606e-07
2.2915680632266633e-07
2.3153642191103392e-07
2.3153642191103392e-07
2.3153642191103392e-07
2.2690241297357174e-07
2.2690241297357174e-07
2.329757961728837e-07
2.329757961728837e-07
2.3359852824749816e-07
2.3359852824749816e-07
2.3359852824749816e-07
2.3359852824749816e-07
2.3161010655025222e-07
2.3462294955702448e-07
2.3462294955702448e-07
2.3347873174262407e-07
2.3339792394486795e-07
2.3339792394486795e-07
2.3339792394486795e-07
2.33218213857869e-07
2.33218213857869e-07
2.3608525486376831e-07
2.3471746506454557e-07
2.3570519242959072e-07
2.3570519242959072e-07
2.3570519242959072e-07
2.3570519242959072e-07
2.3570519242959072e-07
2.3584663711168525e-07
2.3577129564546628e-07
2.3577129564546628e-07
2.3577129564546628e-07
2.3577129564546628e-07
2.3553617573231237e-07
2.3534018569582883e-07
2.3553508002297966e-07
2.363724078462321e-07
2.3621584538751527e-07
2.3621657089305794e-07
2.3613850603965883e-07
2.366491547779295e-07
2.36768072831183e-07
2.367896979986157e-07
2.368112412755763e-07
2.3653403070984775e-07
2.3692676362226286e-07
2.3692676362226286e-07
2.3698245170333925e-07
2.3713948134034214e-07
2.3662277046877302e-07
2.3662561215107353e-07
2.363916877793791e-07
2.3608855331152915e-07
2.3608855331152915e-07
2.3642959293490887e-07
2.3624390112400787e-07
2.3630740923807362e-07
2.3626429960342635e-07
2.362740492496165e-07
2.3622610918077693e-07
2.3622610918077693e-07
2.3622610918077693e-07
2.3622610918077693e-07
2.3602850946289606e-07
2.3608800433233468e-07
2.3594672610140178e-07
2.3594672610140178e-07
2.3594672610140178e-07
2.3594672610140178e-07
2.3595723732811405e-07
2.3595723732811405e-07
2.3595723732811405e-07
2.3595723732811405e-07
2.3595723732811405e-07
2.3595723732811405e-07
2.3595723732811405e-07
2.3595723732811405e-07
2.3595723732811405e-07
2.359585452200317e-07
2.359585452200317e-07
2.3595505397432197e-07
2.3595505397432197e-07
2.3595546192444506e-07
2.3595546192444506e-07
2.3595714596008185e-07
2.3595714596008185e-07
2.3597857994779946e-07
2.3598606739102573e-07
2.3602242492546155e-07
2.3604044308188223e-07
2.3607643359387313e-07
2.3608877088022177e-07
2.3614275533931712e-07
2.3619042313812698e-07
2.362417424490753e-07
2.363235246446002e-07
2.3646628108329323e-07
2.3659954617520102e-07
2.3674129559431397e-07
2.3689886796576886e-07
2.3692783320099427e-07
2.3693248084584876e-07
2.3695446548425002e-07
2.3695446548425002e-07
2.369532965959176e-07
2.369532965959176e-07
2.369532965959176e-07
2.3695598850798644e-07
2.3695343555069096e-07
2.369545506735031e-07
2.3695436200694168e-07
2.369569757960855e-07
2.369569757960855e-07
2.3695775631413322e-07
2.3696580031934666e-07
2.369698593279187e-07
2.369743464298135e-07
2.369743464298135e-07
2.3697981534077442e-07
2.3698159781419625e-07
2.3698496809392448e-07
2.3698806504836834e-07
2.369942941862331e-07
2.3700058570344784e-07
2.3700058570344784e-07
2.3700444568498238e-07
2.370095226356896e-07
2.3702063402945008e-07
2.37031758500564e-07
2.3703719980387446e-07
2.3703983553744902e-07
2.370468243220571e-07
2.3706197710413765e-07
2.370795097967961e-07
2.3709337894966344e-07
2.371043313956048e-07
2.371051889021939e-07
2.3710679286873678e-07
2.3710679286873678e-07
2.3710769400075673e-07
2.3710769400075673e-07
2.3710931431245522e-07
2.3710931431245522e-07
2.3710938636736645e-07
2.3711056601571646e-07
2.371123298154389e-07
2.3711251879729386e-07
2.37113410849076e-07
2.3711440992457653e-07
2.3711567469005932e-07
2.371165525874051e-07
2.3711722139106362e-07
2.3711859655649213e-07
2.3712016187730876e-07
2.3712208492071392e-07
2.3712596147518481e-07
2.3712764165484615e-07
2.3713218775516846e-07
2.371386414458157e-07
2.371413326805307e-07
2.371449113386014e-07
2.3714941835949633e-07
2.371550129286361e-07
2.3716387861238312e-07
2.371808925695407e-07
2.3719201147437832e-07
2.372114262900629e-07
2.3723167134674214e-07
2.3725879473912208e-07
2.3728387626535017e-07
2.3731276967542284e-07
2.373433473006874e-07
2.3737099634473886e-07
2.373973323446037e-07
2.374291345251061e-07
2.3746773739302256e-07
2.375001656204126e-07
2.3753638973855468e-07
2.3759165573263632e-07
2.3765808722937646e-07
2.3771805919644773e-07
2.377798444363025e-07
2.3784437882930695e-07
2.3791032223938035e-07
2.379641177766359e-07
2.3800641309585698e-07
2.380473554600019e-07
2.3805212993574995e-07
2.3805212993574995e-07
2.3805212993574995e-07
2.3805280127192957e-07
2.3805292018304638e-07
2.380531343075947e-07
2.380531343075947e-07
2.380531343075947e-07
2.380531343075947e-07
2.380531343075947e-07
2.380531343075947e-07
2.380531343075947e-07
2.380531343075947e-07
2.380531343075947e-07
2.380533138909952e-07
2.380533138909952e-07
2.380533138909952e-07
2.380533138909952e-07
2.3805346392729282e-07
2.3805346392729282e-07
2.3805346392729282e-07
2.3805346392729282e-07
2.3805346392729282e-07
2.3805346392729282e-07
2.3805346392729282e-07
2.3805346392729282e-07
2.3805346392729282e-07
2.3805354797382146e-07
2.3805354797382146e-07
2.3805354797382146e-07
2.3805354797382146e-07
2.3805357895947009e-07
2.3805357895947009e-07
2.3805357895947009e-07
2.3805357895947009e-07
2.3805357895947009e-07
2.3805360212478307e-07
2.3805360212478307e-07
2.3805368113624332e-07
2.3805368113624332e-07
2.3805368113624332e-07
2.3805368113624332e-07
2.3805368113624332e-07
2.3805368113624332e-07
2.3805370136444354e-07
2.3805370136444354e-07
2.3805370136444354e-07
2.3805370136444354e-07
2.3805370136444354e-07
2.3805370136444354e-07
2.3805370136444354e-07
2.3805370136444354e-07
2.3805370136444354e-07
2.3805370136444354e-07
2.3805370136444354e-07
2.3805370136444354e-07
2.3805370136444354e-07
2.3805370136444354e-07
2.3805370136444354e-07
2.3805370136444354e-07