35438025579644.9
10036155162216.727
5236915598381.498
5236915598381.498
2522597310897.635
2522597310897.635
2522597310897.635
2514079840279.7573
2514079840279.7573
2514079840279.7573
2514079840279.7573
2487736062374.253
1473229913868.468
1288055694249.466
1126339060645.793
1018961824461.0535
1018961824461.0535
1018961824461.0535
839148772471.42
672791685232.2382
672791685232.2382
672791685232.2382
672791685232.2382
672791685232.2382
594225179579.6829
486459619685.9996
366151605039.30994
299845050392.8268
176409124688.27225
176409124688.27225
150571493324.068
150571493324.068
138962313461.49445
128215031863.55304
128215031863.55304
98207809116.07007
89954585159.13525
77953522820.55563
77953522820.55563
77953522820.55563
73222283025.4267
73222283025.4267
52734808873.591034
38756188549.72133
32344599470.337166
31387819077.93846
26149621570.743088
21683887552.991375
18515130614.3238
18515130614.3238
17544911780.049606
17039159235.164886
16181361689.569136
15486391150.90113
14868258177.800817
14245123056.413345
13875423260.66567
13265902752.846298
12615739455.350037
11900851610.609081
11871032557.069424
11320447345.534023
11163935755.575417
10616673975.013828
10313827297.454876
10057884936.531286
9677126828.096762
9336907810.827557
8592012980.02298
8260783068.907812
7847249512.802433
7316963427.341589
6722219686.458616
6179415292.439302
6153188066.997927
6106239241.178909
6015622937.977493
5853240990.274974
5722737991.669203
5633433861.017546
5488765615.560543
5447300208.971416
5445716006.930273
5391938839.7793665
5369732592.593809
5368644054.912892
5339636078.3410635
5278042849.58135
5216885533.342467
5163204525.788349
5119511985.302454
5096065078.963046
5061278895.99386
5045223465.504595
5022560612.685238
5017045542.8404455
5016769123.144907
5009177501.460957
5001865185.542412
4994985954.408664
4990450192.7289295
4980021958.662636
4973415777.376147
4970782987.936973
4965878703.318335
4957789567.206923
4952827151.378562
4944116177.54311
4937402000.3271885
4930907545.38962
4923642402.802581
4918077470.111244
4911755633.520089
4905913502.018002
4895941607.1751175
4887128117.960041
4878086618.464315
4866599842.091086
4859131117.889374
4850511319.566613
4840948711.667129
4828485211.223173
4803286725.817522
4787799206.731074
4770276938.648726
4753333160.0141535
4742243647.456712
4725143770.718445
4706400909.171451
4687399169.984612
4667319533.479853
4648393556.274799
4632345487.721173
4600185755.050212
4569449795.817619
4542475707.421623
4515390221.360303
4485581201.369464
4460023468.856537
4429883297.356308
4410435441.120644
4388538983.754923
4347426038.415263
4323981439.698726
4294218750.448686
4275436133.070023
4253082696.39907
4239104289.566835
4230566449.19783
4223733915.088017
4215478190.6953435
4212367585.319719
4211400143.9746857
4210984203.6137314
4210226812.88263
4209307313.1425695
4208219258.536087
4207257166.709449
4206519482.828248
4206169600.7443695
4205782870.817927
4205176880.305889
4204872509.048318
4204328247.060592
4203858229.982794
4203117978.8401556
4202534459.219409
4201803095.2635374
4200831108.606291
4199965185.617214
4198161802.2937703
4196446753.1305294
4195019910.861449
4193247687.69673
4190309097.4438143
4187535783.249688
4184092879.1339455
4180302455.4698377
4175394343.4951777
4170569062.4781437
4166052775.9543147
4158501785.6672144
4151110899.2075086
4141212242.1468053
4132211828.1316504
4122595795.5835333
4109461081.8782425
4097797492.2342224
4086753120.4526067
4075605102.991927
4063560434.723286
4052194275.874263
4042210812.546038
4029180134.010642
4016427601.7024417
4001169750.7823186
3981592642.9168997
3961819372.528287
3942682955.473682
3923107021.254404
3909242229.091281
3898824279.6625896
3895347444.952065
3893899845.561576
3892837204.706703
3891959026.246159
3890719906.2950835
3889456538.882623
3888305904.863444
3886960326.310991
3885535552.8828125
3883931247.854996
3882476334.3195834
3881031764.572182
3879346016.8230553
3877152713.93875
3874963597.9463024
3872505529.1508164
3870428919.066629
3868258100.4799366
3866691855.480064
3864304258.999139
3862728154.1703916
3861212783.841068
3859934204.554954
3859207484.2777953
3858945011.7673135
3858651411.520899
3858408394.7114053
3858086592.286421
3857732319.5919895
3857280352.7585325
3856862159.779148
3856362446.339962
3855773419.278692
3855113283.792066
3854539427.1461945
3853913896.784125
3853363544.2967896
3852626693.84094
3852210432.548748
3851767122.611753
3851498246.8625503
3851238703.600695
3851177570.2000833
3851177570.2000833
3851177570.2000833
3851177570.2000833
3851176610.454139
3851176610.454139