25534571938675.465
11361285694909.725
11361285694909.725
6852610167998.591
6710571450988.589
3897678040805.607
3696203920514.806
3696203920514.806
1496611599801.704
1496611599801.704
1496611599801.704
1496611599801.704
1496611599801.704
1298455556153.0344
1298455556153.0344
1298455556153.0344
1298455556153.0344
1298455556153.0344
1298455556153.0344
1298455556153.0344
1298455556153.0344
1294140681464.2239
1294140681464.2239
1243134682376.313
1125379668297.5686
963973579509.277
963973579509.277
963973579509.277
547793677781.1049
547793677781.1049
500705267235.5635
407974200182.5402
337749942750.4442
337749942750.4442
276120861840.53217
246873092017.82907
212249775990.8404
205411192876.40753
198394201831.34076
158427945896.55032
149892442595.1031
72724987142.13531
59277367298.231155
32142358004.71646
21687770436.04132
21687770436.04132
21687770436.04132
19457482893.216698
19457482893.216698
19457482893.216698
16761538866.045328
13707330016.11114
12140845736.426304
12140845736.426304
11773929410.736073
10854880821.60653
9826204432.519474
7901139914.908992
7441191300.606973
6424951890.559849
5751152613.537869
4987525271.099621
3651582264.136346
3139749954.9962044
2490473433.2721953
2257839314.9378266
1651002316.2190952
764200467.3312927
606281270.2763786
223817843.98902592
45243304.7521709
45243304.7521709
8856280.005727319
3271236.338556188
52779.473482364585
0.0