26640940684090.777
9632517692657.371
9181956031748.717
4712011391646.335
3177893314709.2915
3177893314709.2915
3163267485120.296
2998669810141.658
2998669810141.658
2998669810141.658
2170440947437.0044
1103578496383.8933
1103578496383.8933
1103578496383.8933
1103578496383.8933
1103578496383.8933
1103578496383.8933
912418821322.491
912418821322.491
888805087735.1875
888805087735.1875
888805087735.1875
710833325526.8301
585700250223.8417
585700250223.8417
381067004406.4374
381067004406.4374
303028936094.5738
303028936094.5738
303028936094.5738
268192655303.0246
204292266408.36
195945726108.34552
183378999298.51382
86481966525.76913
86481966525.76913
46629600644.27353
30087081513.9019
27698571840.8428
27698571840.8428
18492158314.919052
18492158314.919052
15257855945.23671
14160548030.782158
14160548030.782158
14027937085.067703
8859083898.906612
8859083898.906612
6615470304.395132
5626351921.115139
5626351921.115139
5114091590.604673
4301747417.652668
3772462323.4437
2647995459.528242
2365966970.198614
1968368382.4894261
1837074300.3677516
1458617996.8909023
1057138255.3277888
707313890.7258132
453670867.7636293
215158828.91968337
156355805.45411158
121125608.72988665
89914348.61149406
89914348.61149406
89914348.61149406
77253239.40411323
71188317.47840989
61099032.35661786
42727278.21972483
34213076.688062154
23427257.074845325
15798574.993007526
10807490.10010298
8887885.126872037
6377613.532490678
3003960.000932563
2315282.3816596586
1498695.472393696
1076202.1513078883
607850.547193301
385399.01563515136
11582.515217597836
0.0