26526051199507.63
9427253429945.43
9013373246868.852
4556386389863.6875
3038646271705.281
3038646271705.281
2845208166176.596
2641562064202.6216
2641562064202.6216
2641562064202.6216
1978792028674.8271
884297408811.6545
884297408811.6545
884297408811.6545
884297408811.6545
884297408811.6545
884297408811.6545
730134916350.4358
730134916350.4358
730134916350.4358
730134916350.4358
730134916350.4358
521225220048.913
521225220048.913
521225220048.913
455800516177.2321
309555765894.75824
202162072260.58914
152084403149.03772
152084403149.03772
119631853126.64594
84297071972.35628
53362004570.91821
53362004570.91821
53362004570.91821
53362004570.91821
53362004570.91821
33620313285.186443
33620313285.186443
26110290910.690132
20198907973.810387
18409606791.65794
10879980386.419563
10879980386.419563
10879980386.419563
8056250150.895921
6972357224.409754
5801822538.392343
5801822538.392343
5244434597.580104
4255877236.204261
2304274077.787725
939878848.8525398
61668605.10150459
61668605.10150459
0.0