2.8216844291475943e-07
2.764355645547244e-07
2.7260679331025813e-07
2.7260679331025813e-07
2.8020472323540413e-07
2.8020472323540413e-07
2.8020472323540413e-07
2.7806731991821534e-07
2.7806731991821534e-07
2.7806731991821534e-07
2.7806731991821534e-07
2.76091859900102e-07
2.7949432219785983e-07
2.770210070599041e-07
2.809807504536259e-07
2.8099957310255407e-07
2.8209853554927656e-07
2.8209853554927656e-07
2.8200686206919695e-07
2.809714086916117e-07
2.784685741210814e-07
2.784685741210814e-07
2.784685741210814e-07
2.784685741210814e-07
2.8023819333834793e-07
2.819550527014563e-07
2.797349746973001e-07
2.797349746973001e-07
2.7995003252402855e-07
2.790038515356193e-07
2.810171957151809e-07
2.792617012426423e-07
2.792617012426423e-07
2.7994002115756356e-07
2.8087885494721014e-07
2.798311196750129e-07
2.79604922633666e-07
2.800373015481618e-07
2.8002409242632773e-07
2.8138562614251475e-07
2.806865838449782e-07
2.806528881675414e-07
2.7952589792188356e-07
2.7981637361129293e-07
2.79626202547974e-07
2.79545483469018e-07
2.794517567112944e-07
2.794096040427175e-07
2.793979451059638e-07
2.79662081466336e-07
2.797522248636265e-07
2.8036884949611865e-07
2.7988256427151284e-07
2.799114903643501e-07
2.801695859201152e-07
2.7981321302869194e-07
2.7989747835996054e-07
2.7971341572302077e-07
2.796478551718976e-07
2.7937754189078895e-07
2.7949392083066436e-07
2.7936225358179824e-07
2.7923543265464345e-07
2.7927192310055305e-07
2.792669816721254e-07
2.7921175557093444e-07
2.7919189474690665e-07
2.788013205639264e-07
2.789712654903643e-07
2.785807067021738e-07
2.7887040948455844e-07
2.7882906421424153e-07
2.788509522226673e-07
2.7880802800721586e-07
2.7883631216439363e-07
2.7879331159157185e-07
2.787908366297941e-07
2.7877913600090934e-07
2.787350937394328e-07
2.7865477971856134e-07
2.786469617706949e-07
2.787526455352511e-07
2.787296722090835e-07
2.786987844764376e-07
2.7868480873271217e-07
2.7865073018074134e-07
2.7861492558162635e-07
2.7861409275872537e-07
2.7857660300697707e-07
2.785669459107021e-07
2.785621765305763e-07
2.785358568838035e-07
2.7851108238933814e-07
2.7849450089558347e-07
2.7849063363997375e-07