34870045557581.766
15273889704280.977
12982437684121.31
8237892263679.04
3530328040170.005
3530328040170.005
3530328040170.005
3530328040170.005
3530328040170.005
3020956843429.9087
1901246053440.2288
1859883907962.7573
1859883907962.7573
955801839943.7727
955801839943.7727
955801839943.7727
955801839943.7727
780111551548.3091
780111551548.3091
780111551548.3091
598752720516.5973
598752720516.5973
489132803791.6786
489132803791.6786
489132803791.6786
365222225950.01447
365222225950.01447
256527308928.94348
256527308928.94348
226506715630.30646
226506715630.30646
185101122605.6117
185101122605.6117
185101122605.6117
185101122605.6117
175249067689.5938
122620708991.66988
122620708991.66988
122620708991.66988
122620708991.66988
101465417477.33945
69990210873.90144
69990210873.90144
69990210873.90144
69990210873.90144
69990210873.90144
69990210873.90144
69990210873.90144
69990210873.90144
69990210873.90144
65755062437.82014
60085178263.607185
50736948183.912605
34827274237.947266
34827274237.947266
32111964822.072536
16892257505.55462
13987489945.970118
13987489945.970118
13987489945.970118
9074350247.371338
9074350247.371338
9074350247.371338
6036855517.917845
4811494113.936692
2627095015.4305964
2313229435.1731935
2313229435.1731935
2313229435.1731935
845804239.3557646
827157412.2972695
797744885.7302878
786679493.6479919
774075534.2856313
595234137.0867081
428238543.15441084
312090157.50950086
112402983.90283309
19404141.205474846
3056112.6645933706
0.0