2.3545880423323033e-07
2.3147681493096353e-07
2.33577947319167e-07
2.3350132210343686e-07
2.3028095566901123e-07
2.3028095566901123e-07
2.2651628949513465e-07
2.2615978781539166e-07
2.2615978781539166e-07
2.2615978781539166e-07
2.323175405602043e-07
2.293987167099374e-07
2.293987167099374e-07
2.293987167099374e-07
2.293987167099374e-07
2.293987167099374e-07
2.3117470182530735e-07
2.3052545461321637e-07
2.2597063727015418e-07
2.277368294089661e-07
2.277368294089661e-07
2.277368294089661e-07
2.277368294089661e-07
2.277368294089661e-07
2.3012759671172944e-07
2.3012759671172944e-07
2.3012759671172944e-07
2.3012759671172944e-07
2.3012759671172944e-07
2.3012759671172944e-07
2.3085486612838473e-07
2.3085486612838473e-07
2.3085486612838473e-07
2.3085486612838473e-07
2.3085486612838473e-07
2.3085486612838473e-07
2.3085486612838473e-07
2.3218758413563596e-07