2.5006775652914077e-07
2.481078124846798e-07
2.481078124846798e-07
2.4970155536447076e-07
2.464782648440327e-07
2.524274953180505e-07
2.471452000865167e-07
2.471452000865167e-07
2.489574060963871e-07
2.489574060963871e-07
2.489574060963871e-07
2.489574060963871e-07
2.489574060963871e-07
2.422316887031683e-07
2.422316887031683e-07
2.422316887031683e-07
2.422316887031683e-07
2.422316887031683e-07
2.422316887031683e-07
2.422316887031683e-07
2.422316887031683e-07
2.422316887031683e-07
2.422316887031683e-07
2.422316887031683e-07
2.422316887031683e-07
2.434689040542778e-07
2.434689040542778e-07
2.438707688719455e-07
2.4225289671238156e-07
2.419315974528399e-07
2.4196722865816164e-07
2.4200852197852863e-07
2.4270089349172823e-07
2.4239720094389737e-07
2.4279085247699844e-07
2.420604490057593e-07
2.4076796297536704e-07
2.4303802945995804e-07
2.4133703900161674e-07
2.420284199890158e-07
2.420241588795991e-07
2.420241588795991e-07
2.412312015628755e-07
2.4209470429024583e-07
2.415768330500808e-07
2.416106502860148e-07
2.4365706148770657e-07
2.4464705626619024e-07
2.4338853513051787e-07
2.4338853513051787e-07
2.4377506750607156e-07
2.4377506750607156e-07
2.4275140297601794e-07
2.4332539478187247e-07