2.6639418481076816e-07
2.6400575846336557e-07
2.675809574165285e-07
2.650296548927225e-07
2.62032757481052e-07
2.62032757481052e-07
2.62032757481052e-07
2.62032757481052e-07
2.62032757481052e-07
2.624016149027161e-07
2.685386044608797e-07
2.574375067700309e-07
2.574375067700309e-07
2.611375862778687e-07
2.611375862778687e-07
2.611375862778687e-07
2.611375862778687e-07
2.573000117594345e-07
2.573000117594345e-07
2.573000117594345e-07
2.5788285830710606e-07
2.5788285830710606e-07
2.5975518398474376e-07
2.5975518398474376e-07
2.5975518398474376e-07
2.630462500416641e-07
2.630462500416641e-07
2.616363253100111e-07
2.616363253100111e-07
2.623436445490652e-07
2.623436445490652e-07
2.5988847901955224e-07
2.5988847901955224e-07
2.5988847901955224e-07
2.5988847901955224e-07
2.604367240075339e-07
2.625319616166819e-07
2.625319616166819e-07
2.625319616166819e-07
2.625319616166819e-07
2.6394568798155994e-07
2.6285470571944773e-07
2.6285470571944773e-07
2.6285470571944773e-07
2.6285470571944773e-07
2.6285470571944773e-07
2.6285470571944773e-07
2.6285470571944773e-07
2.6285470571944773e-07
2.6285470571944773e-07
2.6145405974672467e-07
2.627573772334609e-07
2.6277388250321017e-07
2.63180640020028e-07
2.63180640020028e-07
2.6227123902016756e-07
2.623752425377132e-07
2.620065522407345e-07
2.620065522407345e-07
2.620065522407345e-07
2.620937384231935e-07
2.620937384231935e-07
2.620937384231935e-07
2.628729491637522e-07
2.629090709867777e-07
2.627630518635134e-07
2.638875697479519e-07
2.638875697479519e-07
2.638875697479519e-07
2.6461654662388525e-07
2.6596608347502854e-07
2.659608025225845e-07
2.651534557603988e-07
2.6544205423169275e-07
2.6572337674759815e-07
2.643966636048374e-07
2.6485332889139126e-07
2.650723989526428e-07
2.644756875239195e-07
2.6549632501408817e-07
2.6548943157665387e-07