26291237967945.676
9031191339117.064
8713840371676.501
4267671431929.9146
2756059712873.6577
2756059712873.6577
2204128179668.3916
2008297611705.119
2008297611705.119
2008297611705.119
1660225934354.069
490572148127.2077
490572148127.2077
490572148127.2077
490572148127.2077
490572148127.2077
463807376613.6116
342102176925.6664
285836980853.8667
86898289389.74907
86898289389.74907
86898289389.74907
86898289389.74907
86898289389.74907
66928767724.328835
66928767724.328835
66928767724.328835
66928767724.328835
66928767724.328835
66928767724.328835
1345362909.0179617
1345362909.0179617
1345362909.0179617
1345362909.0179617
1345362909.0179617
1345362909.0179617
1345362909.0179617
0.0