27066795830212.652
10888046586080.018
7282542157709.03
5707618967145.004
1879834803621.836
1879834803621.836
1879834803621.836
847045664656.969
847045664656.969
847045664656.969
306219286662.8856
275649750400.53784
275649750400.53784
275649750400.53784
275649750400.53784
275649750400.53784
275649750400.53784
147649701954.00378
79986114660.56451
79986114660.56451
53234123568.51551
53234123568.51551
14566103527.808681
14566103527.808681
13735462789.94748
13735462789.94748
11334803989.782604
11334803989.782604
10088525137.159227
7991554083.181813
3329838190.7505426
2464867294.951899
2197116500.3510404
482086665.3062567
121721368.99826689
84247377.36593048
0.0