24987603297843.89
10877631275645.568
10877631275645.568
6680024837264.032
6112717972732.989
3698392458006.598
3177876862525.723
3177876862525.723
1263890221580.997
1263890221580.997
1263890221580.997
1263890221580.997
1263890221580.997
932001613973.6409
932001613973.6409
932001613973.6409
932001613973.6409
932001613973.6409
932001613973.6409
932001613973.6409
932001613973.6409
932001613973.6409
932001613973.6409
932001613973.6409
932001613973.6409
637028624495.5125
637028624495.5125
538675354222.5743
536300652417.4913
381809610071.214
361351084809.94617
361313899662.4464
349579240816.8077
332943980557.9142
302393327745.8672
294837255371.16675
262030317268.68076
140630626272.38376
123562478680.44986
85368061528.88596
78544102146.00581
78544102146.00581
66707222648.46184
45511789337.366806
29677325137.53714
14105579519.091766
7390394576.850776
1934107609.8958926
355785392.5225879
355785392.5225879
84162260.43606089
84162260.43606089
14717323.464229327
0.0