34890207844998.85
9568411849667.988
4383243124002.7397
4383243124002.7397
2200662073665.756
2200662073665.756
2200662073665.756
2062284965665.981
2062284965665.981
2062284965665.981
2062284965665.981
1974630717788.943
1218132514354.4832
1001400119549.9135
912243817478.9182
801398646558.3842
775977706777.6265
775977706777.6265
770215820035.0846
637535043780.8834
629168122919.269
629168122919.269
629168122919.269
629168122919.269
560439557080.0437
423659472134.73615
303738692979.1082
303738692979.1082
285418545464.1516
239104539579.18497
190927738634.35678
149879598134.78522
149879598134.78522
130048195454.34439
106288773756.11845
92966833204.5286
79579675836.75407
68589677036.119095
64015962275.600945
59227244344.53253
49830757286.621155
42969392857.50732
32509147830.81948
29609243271.896706
26633740410.407227
20905364456.091293
16563622635.46447
13788849194.437046
11766823935.933567
10761360611.680162
9460167426.443167
8100396775.273823
6525877327.4034195
6439759412.539293
5738744425.999392
5492246089.8392105
4998128409.952629
4471720599.3575115
4094333148.3938055
3599373215.9616055
3285066350.0469117
2814284327.5600376
2473328256.317437
2176704706.9259253
2081325497.7844563
1859088339.8488662
1612760626.0357482
1410343658.7669692
1229737770.7723694
1038701479.3616519
911216636.1030502
752979631.9102514
680883647.8120003
559554201.9728705
499807723.86324155
433046134.6731281
371427316.716879
325295933.2807053
277922202.3723839
230045100.41305643
197147009.29128617
162802458.25537652
115922768.41056351
96974200.13263033
68268234.91357388
38271303.26068567
20970274.548572302
13298738.502838928
8324526.960398405
4028013.429481186
2621489.851325193
1860774.625260749
513721.52429759904
107575.10819126845
0.0