2.1935735626191002e-07
2.1650575264217538e-07
2.0992432104585468e-07
2.123248552558817e-07
2.1411673579792672e-07
2.1411673579792672e-07
2.1411673579792672e-07
2.1014662302685168e-07
2.1014662302685168e-07
2.1014662302685168e-07
2.157291999454044e-07
2.143953685159477e-07
2.143953685159477e-07
2.143953685159477e-07
2.143953685159477e-07
2.143953685159477e-07
2.143953685159477e-07
2.1523148087465728e-07
2.159665190535494e-07
2.159665190535494e-07
2.1596978953766112e-07
2.1596978953766112e-07
2.1819373428175245e-07
2.1819373428175245e-07
2.1825491889897297e-07
2.1825491889897297e-07
2.187046660544475e-07
2.187046660544475e-07
2.1687478297417558e-07
2.1665823802777876e-07
2.1994337567131843e-07
2.1832095470326872e-07
2.1900506643410094e-07
2.174576095055113e-07
2.1805885349362981e-07
2.1865369776670207e-07
2.1985761276621944e-07