19188.78383287823
14766.240576025062
14799.205307896877
15109.035268971904
14734.527127171543
13938.909606858797
12473.813808624021
15008.709167463156
16827.586137986487
14744.19262002087
15006.433782557935
16233.00249714728
15978.36403875087
14218.972222461478
13945.193090736106
14226.169733974566
16031.299199186604
14467.828684253644
16340.069797302564
14431.215338477708
14375.476199234174
14113.90877508951
15839.391357682183
14013.44598198383
14528.312331981531
14228.59950030241
14128.797551396186
14214.225806191973
14263.94207856073
14293.572449074185
