28391.165818861176
15662.085390667697
17225.97889984295
20730.516231791084
21096.848003581916
20806.438267703943
20173.060474644604
23576.30815856575
24250.423133885146
17233.5248867184
18321.222503358433
16777.326516565197
15562.475777818143
17503.07798544291
15730.207282621986
16993.656835266716
17822.418142600563
18026.448533848652
18554.571031864616
17865.16345833738
17301.593770912823
17545.81520913246
18452.36092238054
17870.03529337832
18052.82406343497
17749.788183923447
16947.62914129455
16680.292913528243
16672.832235318834
17361.496755346372
17144.989804290562
17273.44633323016
17154.42857731614
17080.687006979555
17147.098469562974
