24543249250283.086
6352197996125.672
2623518537104.6406
2623518537104.6406
2623518537104.6406
2623518537104.6406
2623518537104.6406
2623518537104.6406
2623518537104.6406
2623518537104.6406
2326314418483.327
2326314418483.327
2326314418483.327
2326314418483.327
2202383329079.126
2045969637198.747
1984810992254.2703
1984810992254.2703
1984810992254.2703
1661622485803.1516
1661622485803.1516
947133171365.5796
947133171365.5796
947133171365.5796
947133171365.5796
947133171365.5796
914512822689.1599
678314859164.87
627946951384.4799
627946951384.4799
627946951384.4799
627946951384.4799
627946951384.4799
627946951384.4799
627946951384.4799
627946951384.4799
627946951384.4799
615005598413.5912
532355104082.6995
379342592168.2937
369160598683.777
369160598683.777
369160598683.777
274779974164.32965
232881245426.40338
232881245426.40338
232881245426.40338
209667667001.03897
173097584845.29025
173097584845.29025
160752077040.27515
118550299539.0058
115919701007.15656
115919701007.15656
115919701007.15656
96493986036.34264
93318305253.27003
84661713965.66881
71141151573.70978
69402784800.90367
69402784800.90367
67992317521.69575
65198591097.28772
62883262601.87033
58326373423.48975
57640209672.11574
48016119230.78348
26244473158.391968
26244473158.391968
25665812341.079205
22721957740.13848
19025310618.97876
13962562076.231052
10649307215.640942
9722769460.88977
7560840919.979227
4115721086.452565
3302193209.9124117
2029377214.6104937
2029377214.6104937
2029377214.6104937
1364691182.3566275
1364691182.3566275
946343416.12146
946343416.12146
640882872.9790933
500230960.4459384
197235830.83258843
108494689.12678055
82197489.72956812
27086605.348073892
27086605.348073892
21055551.601992585
20084365.056763913
3900520.8442731397
1305326.2126977164
124385.91352382797
59312.81059461738
0.0
END
