2.036770182331131
2.056137438450193
2.053738156504768
2.048381872672128
2.0478235889726797
2.0482661437117122
2.0492320105295323
2.0440529174091515
2.0430301478792185
2.0537265932354667
2.0520611953552157
2.0544258935639848
2.0562904466645393
2.0533136226304523
2.0560328109668786
2.0540942243758242
2.0528245903126208
2.0525122634343678
2.0517042620849035
2.052759148508585
2.0536222921749503
2.0532481620377596
2.0518605888568153
2.052751690139252
2.0524718950782828
2.052935794182634
2.0541647832680474
2.054574696489339
2.0545861384774864
2.0535305123793517
2.0538622702365372
2.0536654208407095
2.0538478047843616
2.053960823324085
2.0538590385703652
