25101.626465846588
16947.668714459185
28286.045071075747
28286.045071075747
28286.045071075747
28286.045071075747
28286.045071075747
28286.045071075747
28286.045071075747
28286.045071075747
25640.362970562455
25640.362970562455
25640.362970562455
25640.362970562455
24288.685565309126
25093.802528647106
27106.672850686264
27106.672850686264
27106.672850686264
25369.35664013766
25369.35664013766
19917.813644853355
19917.813644853355
19917.813644853355
19917.813644853355
19917.813644853355
17715.663503171334
17404.70491353292
17604.28128651612
17604.28128651612
17604.28128651612
17604.28128651612
17604.28128651612
17604.28128651612
17604.28128651612
17604.28128651612
17604.28128651612
17788.688333582322
17916.742088093495
18656.458591941806
20066.518214831274
20066.518214831274
20066.518214831274
19483.9452699026
19852.416277351727
19852.416277351727
19852.416277351727
19548.61203505897
19591.88183691688
19591.88183691688
19555.259985118617
18228.337883049895
19148.65156808476
19148.65156808476
19148.65156808476
18889.529320959344
19516.0070303138
19393.907437787064
18533.019736207927
19215.170683133874
19215.170683133874
19455.51513802838
19191.295476533975
19410.057158935328
19265.99357232674
19290.553227136872
20583.18111587839
20100.671264716482
20100.671264716482
20902.435204946734
19500.74037515284
20077.60437733566
17129.378244573047
17934.212440305128
17180.29771526548
17431.55978585234
16984.6213437123
16932.977599490318
16762.548247590767
16762.548247590767
16762.548247590767
16893.06647325196
16893.06647325196
16937.994206733892
16937.994206733892
16926.269857587562
16906.100000147802
17036.654331269583
17024.846749983386
17136.452546092733
17066.81812298012
17066.81812298012
17028.0440717503
16990.013042815695
17093.782558519557
17049.180542608206
17102.097975918245
17113.998620292812
17124.656066901
END
