1.9760789439535131
1.985870738216751
1.9722810590155315
1.983357369792551
1.981812291708678
1.9823979961759883
1.9800851466563356
1.9781184549961897
1.973306136053585
1.9719972829740622
1.9710480275642472
1.9718870149841525
1.9705500971213399
1.9710738081640022
1.9734954596845102
1.9724082889207784
1.9709992000790442
1.97058462335852
1.973576594399913
1.9741181383626372
1.9739089321508159
1.9740174455111439
1.972922007003885
1.9733011739574176
1.9729636370659964
1.9733254372248696
1.972583986902801
1.9741530172058013
1.9738106652163676
1.9738541294487766
1.9751657508022158
1.974559573079523
1.9741125016431569
1.9736713074268475
1.9741629643453797
1.9737554730415023
1.9733793452219557
1.973565138503409
1.9739572319083454
1.9742929256227053
1.9740141401738984
1.9738035032946322
1.9734329700586395
1.9732327930892963
1.972723916676205
