25101.626465846588
16947.668714459185
28286.045071075747
19032.954812695767
20317.49703669869
19830.320220487378
21755.778466937605
23396.600803732937
27425.33937090992
28524.47570538504
29322.5457428993
28617.14216323878
29741.479577016682
29300.860995529903
27266.471647847502
28179.167881548958
29363.617392531207
29712.42409238022
27198.398153612015
26744.176286853944
26919.619175196414
26828.61390197832
27747.768457124737
27429.503639952156
27712.819074792842
27409.141723971385
28031.598622958958
26714.93007878178
27002.039865672068
26965.583538548482
25866.194704721856
26374.105716297207
26748.902821312877
27118.939290481365
26706.589506623688
27048.33550793358
27363.903520682008
27208.009518705054
26879.111105974265
26597.62606156176
26831.385791877063
27008.04719731088
27318.905390404427
27486.892071509785
27914.089993266964
