1.9649414422415472
1.9833750751982686
1.9810917064652336
1.97599393549926
1.9754625760084847
1.9851292765773914
1.9802319383524656
1.9828008381268225
1.9881611218459998
1.983119118566292
1.9853837318061431
1.9828861065062247
1.980327842043777
1.9827938969377086
1.9827088137265152
1.9827819109620044
1.9797186972548289
1.9824133035145395
1.982447494491837
1.9802764572927756
1.9826306828333524
1.979985028014582
1.9813835068114287
1.981485921273445
1.98074091456455
1.9812222493959757
1.9802927042342602
1.9804593159879462
1.9801289676554312
1.9807422001113622
1.9810307009722328
1.9808579493289442
1.9806984078961691
1.981004528654588
1.9808350117763016
1.9809584207557769
1.9808185515186256
1.9809768217334964
1.9808063130087377
1.9809284710072608
1.980971883274838
1.9810232561238692
1.9810109152850583
1.9808830613397355
1.9809976073383797
1.9809804830271274
1.9809981070914968
1.9808609357651314
1.9808434314774341
1.9805165516038343
1.9803653760843143
1.981065362466123
1.9804736465746897
1.9808679449029372
1.9804215896901498
1.9804798646844985
1.9807199664694068
1.9804044028948873
1.981131791913624
1.980799513928808
1.9811571593775676
1.9813055995373774
1.9811971616036153
1.9810540187996977
1.980356856975055
1.9803310215428778
1.9811454620659306
1.9809425345707998
1.9816710075892279
1.9813972903828214
1.9810745627906041
1.9816124964431798
1.9815613484950945
1.9816992473139754
1.9816111492232718
1.9814881411010616
1.9814668040048395
1.981289977697433
1.9813251178454026
1.9811145217754196
1.9809768930389995
1.9812547336985713
