15066945750632.236
6882314717425.724
3668813858173.1455
2899225926751.5166
3052883536096.411
2067313501084.1895
2590234267294.367
1140277791459.5388
1691882385909.6765
999836540097.8381
1062036622167.6892
1212698117188.76
1315939846989.7805
651582574864.7675
1184346533717.2102
946801063198.9939
1167559704390.051
574775956788.1125
850852657350.0801
820130735079.1387
606351650253.652
801398014742.3774
815574209715.4424
698507080614.6514
578474458682.3337
631895517292.3816
499077108720.175
318386160902.4597
411394549050.8297
160526108958.2514
77552413079.85623
181967473815.87094
61033790048.3939
76661319880.28088
54343302248.76395
