1.9800953330980509
1.9861273353712574
1.9860822381189416
1.9856584767018697
1.9861707227444239
1.9872598328474644
1.9892685107575916
1.9857956751722627
1.9833112553853673
1.9861574991207194
1.9857987870382983
1.9841227181206054
1.984470441089313
1.9868763227105917
1.987251226791785
1.9868664685848143
1.9843981451509964
1.9865356696131429
1.9839765481587222
1.9865857813350067
1.9866620748808888
1.9870201763906532
1.9846602674247913
1.9871577503031694
1.9864528927753649
1.986863142009494
1.9869997892968452
1.9868828210910072
1.986814756003304
1.9867741921515238
