24431105680138.855
5982346462732.62
2224039613891.6465
3585040199256.5576
4501920678962.445
2390182603922.335
3493929125199.4053
2330235528027.177
3134765137701.8877
2684966602229.667
1920533069848.7405
1340401075498.3093
1547978069249.284
1710281916228.8052
1071496523795.6769
2149285529795.3643
1248108759077.2715
1618193703344.5083
1037102994976.1143
960928166462.8787
1168721014827.6477
1174941640741.5579
960160235060.1534
864140122421.7737
830712663723.3704
869529757324.8851
862382896073.9724
1019460642939.0032
747092677422.8196
724843341839.3488
688496217042.4786
677568485101.5208
514081154137.7712
340923059764.6785
438032099524.39795
412565615874.7303
235110554150.65085
230309673164.60898
192712940624.73605
210034646248.98547
170485080212.56543
155955932902.2834
127199649126.25523
124440719057.47124
109995631205.95215
