14105065353736.258
5024878234044.022
1932571015945.022
2678783578192.4224
1714762915536.1133
1269448582578.5854
1561941086189.976
1553722302183.7207
2030267792938.934
990332176887.2579
760825286450.87
1453755687890.6372
1559546966984.0842
750787337705.087
845509946618.0392
582262728088.2732
808774394148.8118
855225081625.8658
1916825963707.576
1508413717743.3977
1017111300153.7614
1642729270686.5
1429012434152.461
1225053838873.6277
1193384838495.5251
491354590099.4045
702532664796.1802
541536011208.25476
441942570153.72034
464437420948.5116
