14232506164351.658
5859300959386.169
2446441132834.0957
1467835917066.749
855455143642.4263
1021258736132.2054
652047498461.5632
758814346646.5538
198123193190.79395
355815087630.2815
105310851689.47134
215731759825.0332
435443222419.3139
150773002096.8314
243025521477.27805
110383601947.77342
83284349217.4997
36345899138.140045
101883764294.61484
47978010076.0547
42297786670.15877
40943384764.49182
34624340647.334785
25667872702.495533
23400388916.907562
25710446118.424778
23352074276.095467
21108173704.8152
14520840020.916199
16664980965.205538
10115431658.527317
13699307335.16669
10716273474.415075
13008254214.821564
10219287177.103405
10539032471.296139
8604271158.819492
2611382273.1724567
1113922738.8670318
1588731298.2569094
452307446.1418302
112619492.77117136
163973791.35350585
0.0
