24227308059068.527
5183036067866.047
1493049668677.8901
3268559072546.3027
3233375745726.7134
1906688216817.1455
2561520112892.3203
1712728144767.2065
2489189987946.8906
1729103143449.3508
1162481160376.2148
681323463056.1251
901080841227.0493
911893512178.0032
624145330910.9034
1215348375356.1865
545919661164.4109
758185109252.9224
435605168687.4175
408768695617.3317
398804452327.31995
456039764823.43066
377653547262.7317
393402954035.2977
291625380232.4872
277928214645.65106
250187030258.88916
299727451463.5101
203789921405.8743
206689437466.93185
165137751293.27747
163072787653.47858
185502694738.3797
113325543690.85411
182779056099.73254
116240109364.16895
92260902245.73181
77109478424.43292
76615622992.3068
68382485568.66044
58006588995.94347
51711379342.97603
37678679562.98078
37698665347.75116
34889727323.9374
32210855107.538277
31526900476.32775
28108004928.154327
29140830508.233437
25593803218.049805
22805311108.636177
21209855382.941944
20408192224.936604
19303606319.936646
18295904802.516254
18532768236.518223
17105544224.429708
16253078757.383348
14590753525.223251
14156079753.411245
13446375349.225891
12702732196.726133
12488624575.557255
12146254150.092203
11912423696.264988
11713732861.4841
11391637483.75869
11343526516.688774
11239642615.781769
11198805490.992342
11110307426.767725
11058262804.371227
11014335675.710394
10967942431.14992
10829610963.040922
10796686215.15643
10680809607.93731
7545901009.3268385
5318785305.483814
4975915337.726996
4841262002.203612
4864273126.84255
4794611741.416197
4700157117.396686
4737568822.48724
4679967731.77365
4591306440.85366
4575473248.9582615
4509119731.462635
4490262512.1446295
4476400443.305128
4468665171.312315
4461059954.74067
4459158392.709294
4458067044.895257
4456145449.081084
4454759600.197053
4452480143.283129
4455688739.39265
4451880120.60338
4452095641.966558
4451457735.000767
4451172688.332878
4451086634.076814
4450049641.960909
