1.798519786185067
1.8072670313665091
1.7951266151167928
1.8050219310360032
1.8067175882667774
1.8041649298815998
1.7947857549156816
1.8003418618863556
1.7960424805463535
1.7952119967902462
1.7940249275611844
1.7947745478478672
1.793580030060355
1.793818924021255
1.7958364196645555
1.797875577752505
1.7953760478292997
1.7952064808798471
1.7962005821924871
1.79621103528828
1.796383386376576
1.7959658146609039
1.795121040554259
1.7956141915478894
1.7955374038288658
1.7953445189535318
1.7953052779281427
1.7951387993683696
1.795123043239516
1.794947769491914
1.7951618678806165
1.7949907941239245
1.795070686771131
1.7966314159015793
1.79655896994007
1.7964886193663883
1.7962234515699267
1.796472918197536
1.7968069384982082
1.7969017646929046
1.7963041635965318
1.7963440127144987
1.7961425438635414
1.7964035832069893
1.7959614394725114
1.796171937073977
1.7961934109455353
1.7967607714306013
1.796923378727271
1.7968840484814947
1.7965712781128305
1.7963675987799452
1.796630604920312
1.7963424950980564
1.796443766528849
1.7962503124041092
1.7965048889338817
1.7966149754894654
1.7965368467325713
1.7966249582980134
1.7966787310288503
1.7966226594559915
1.7966322166165798
1.7965970649716216
1.7966225302371395
1.7966033019979548
1.7966161292749485
1.7966479271136346
1.796657818027481
1.7967050825923374
1.7967445584416424
1.7967882997529658
1.7968018223068356
1.7967269785293136
1.7967529847856831
1.796745511595486
1.796749618299624
1.7964624366680906
1.796531274069778
1.7965373275650327
1.7964989784364798
1.796524695826282
1.7965361690098984
1.7965182057509888
1.7965614891210218
1.7965144074371633
1.7965330264594146
1.7965146410275714
1.7965441164702671
1.7965240878738216
1.796538227399069
1.7965710353140172
1.7965749089511656
1.7965867219939247
1.796571161398181
1.796578536884727
1.79656653574718
1.7965549022719105
1.7965665433072093
1.7965720761765007
1.7965840025096742
1.7965842918355819
1.7965911432679864
1.7965784325303684
1.7965964144286637
