25101.626465846588
16947.668714459185
28286.045071075747
19032.954812695767
17457.521537491935
19830.320220487378
28606.600620177032
23396.600803732937
27425.33937090992
28205.76855096716
29322.5457428993
28617.14216323878
29741.479577016682
29516.501337866863
27618.913305618837
25705.277926160234
28051.547904270847
28210.95442253446
27276.848533068376
27267.031789635636
27105.189377275696
27497.35424220193
28291.286584128513
27827.724561302362
27899.88829324098
28081.185294704366
28118.07362031051
28274.588874916742
28289.403544564884
28454.22188554632
28252.89922004198
28413.76077242149
28338.63348051404
26872.337327436067
26940.34351322741
27006.38797408739
27255.371521532412
27021.128790671162
26707.594189886164
26618.60499551003
27179.577889901513
27142.159591937598
27331.355745258024
27086.226030819627
27501.464190776293
27303.75041033546
27283.5832826168
26750.922856119192
26598.32272145338
26635.229976940413
26928.789247336405
27120.013072662936
26873.098578202662
27143.5846024622
27048.498098926568
27230.146765171114
26991.11379643781
26887.769724834845
26961.11201605785
26878.398960809463
26827.924819334243
26880.556851936217
26871.585714068948
26904.582412489992
26880.67814804471
26898.727648384855
26886.68667244769
26856.838755327626
26847.55459204112
26803.190847150254
26766.139581219417
26725.086736856905
26712.395722564524
26782.639544624333
26758.230989110518
26765.244989652747
26761.390614444706
27030.96936728042
26966.34351999875
26960.660621718525
26996.662651180675
26972.51908468173
26961.748246761996
26978.611922586853
26937.978625627242
26982.177773819603
26964.698408294622
26981.958479065
26954.287381058493
26973.089824388142
26959.815879087633
26929.017172574462
26925.380837318226
26914.291567168824
26928.898812173386
26921.97516788505
26933.241112287455
26944.162061178005
26933.234015340364
26928.040072560114
26916.8444185798
26916.57282037146
26910.14121738651
26922.073128816897
26905.193086544452
