1.8021079160171833
1.8074962343354846
1.8074559517228541
1.8070774299588104
1.8075349895859099
1.806884778293861
1.8057398311141857
1.8023800909643235
1.8003482911763686
1.8011587439919334
1.8012264293623592
1.8028283391835105
1.8049840609348349
1.8048060983799612
1.806552654270086
1.8064246677727187
1.804682314294024
1.8053751177416875
1.8038462944008005
1.8041535543672427
1.803238085809265
1.8041731146635804
1.8043451910218455
1.8041596153409465
1.8046762995334693
1.8041490565800562
1.8045605410691865
1.8040194281232
1.8042636446507228
1.8040135782811608
1.805223463776522
