13811780702785.014
4767420789263.005
1384929290732.1748
1741299455966.7979
1251933730786.9844
1423603184910.3733
592506797220.5675
173060359943.43036
863698240974.8881
394229961460.1481
227791301281.92175
136065165588.76173
81347780510.92279
102950317116.91298
248940598563.27386
268078371137.3843
158407273893.55334
119028915849.07455
23832336263.247005
31052282432.091717
25829131687.370644
1275681125.5978477
4475901290.786533
1758293101.9340649
5657165861.990734
2451708555.70499
942287128.8910784
1568668366.1333513
387336133.97010106
152459601.90853256
0.0
