19188.78383287823
14766.240576025062
14799.205307896877
15109.035268971904
14734.527127171543
15266.775541434105
16204.935419011574
18964.758045559694
20638.756448212927
19970.57216714616
19914.795629789427
18595.95469663336
16824.85912441776
16970.909188529804
15538.792667832036
15643.643218438474
17072.513127020393
16504.028315016934
17759.096626210136
17506.684629182215
18258.989552816183
17490.618888010664
17349.299934091923
17501.70644471713
17077.45049284593
17510.37891106391
17172.48012012217
17616.857862604527
17416.267120945922
17621.66338015592
16628.431754717225
