29082.103030149134
28150.923964137623
31463.493122106862
30671.622656070154
34109.88991925974
29746.78824842954
19779.138237845138
23693.317073957598
14453.164411049402
26993.7397349671
26213.27069628652
21276.706358540214
23192.811641001634
20331.46153875903
17556.727376322295
17885.44762273847
17488.529139494993
20666.146059089602
23980.02134882465
18555.324142343008
20556.924020699757
18738.44995853924
18145.28218950423
17898.134247075395
18700.593732585905
20111.29884379857
19215.41080688603
