28391.165818861176
15662.085390667697
17225.97889984295
20730.516231791084
17404.691862571693
17305.069695669692
20434.160600019866
19392.682044469417
18476.37707953918
18139.498250168275
17650.100517834926
18364.073792198353
18245.172631985293
19176.080327712145
17126.882339044405
17232.881311862555
17636.489846136414
18184.244054184535
18118.590649086647
17724.898699339516
18292.027973339922
18351.6194022676
17345.013629217538
17280.1241549194
17424.670600615187
17467.991512750024
17823.84733217583
17882.103472046776
17896.767982339556
17913.144479085022
17950.47092311392
18135.49714855238
17345.52207255714
17814.06717361833
17969.402408765898
17265.7460437833
18040.779585631877
18128.0089342587
18088.452035209764
18111.86854005423
17903.108311306874
17533.865178394266
17625.425496849733
17422.883626020383
