1.792351139251358
1.7934007490646378
1.7896724555939592
1.7905622944584274
1.7867050588296238
1.7916026681221255
1.8028927896894338
1.7984423663298692
1.808983919731904
1.7947068225178182
1.7955887854095394
1.801187454957362
1.7990102157489454
1.8022634635351102
1.8054294891701124
1.8050538322621765
1.8055074447483799
1.8018823322782855
1.7981172468920015
1.804288790399627
1.8020066941757862
1.8040797618561366
1.8047570075488317
1.8050393372980453
1.8041229687872895
1.802514267823334
1.8035355632668169
