1.788568449792491
1.8050377469964292
1.8029980066121905
1.7984438391082505
1.8027652100020417
1.8028949732665152
1.7988280643585453
1.8001796451651653
1.8013704623850837
1.8018086616142157
1.802445631615199
1.8015165185649504
1.8016711814315376
1.80046099563266
1.8031271185372204
1.8029890142169058
1.8024633528654366
1.8017504456885969
1.8018358644565835
1.802348249746386
1.8016102303158312
1.8015327175962141
1.8028429418876906
1.8029274691080754
1.8027391888630107
1.8026827684862623
1.8022194418878665
1.8021436146992005
1.8021245281268772
1.8021032137988846
1.802054634592529
1.8018138673768176
1.802842279603522
1.8022321725351815
1.8020299968536055
1.8029461995938818
1.801937111509385
1.8018236102409277
1.8018750791986522
1.801844610755121
1.8021162760059977
1.802596982576624
1.8024777590315433
1.8027415162624258
